<?xml version="1.0" encoding="UTF-8"?>
<!DOCTYPE svg PUBLIC "-//W3C//DTD SVG 1.1//EN"
        "http://www.w3.org/Graphics/SVG/1.1/DTD/svg11.dtd">
<svg
  xmlns="http://www.w3.org/2000/svg"
  xmlns:xlink="http://www.w3.org/1999/xlink"
  version="1.1"
  width="720pt"
  height="540pt"
  viewBox="0 0 720 540"
  >
  <rect
    x="0"
    y="0"
    width="720"
    height="540"
    stroke="none"
    fill="#000000"
    fill-opacity="1.000000"
    />
  <g
    transform="matrix(1 0 0 -1 0 540)"
    >
    <polyline
      stroke-width="1"
      stroke="#FF0000"
      stroke-opacity="1.000000"
      fill="#FF0000"
      fill-opacity="1.000000"
      fill-rule="nonzero"
      points="636.92,269.99 636.81,268.80 636.46,267.61 635.91,266.40 635.14,265.22 634.15,263.99 632.94,262.78 631.51,261.55 629.87,260.30 628.02,259.02 
      625.95,257.75 623.67,256.45 621.19,255.11 618.51,253.77 615.63,252.41 612.53,251.00 609.25,249.57 605.78,248.12 602.14,246.63 598.31,245.11 
      594.29,243.57 590.09,241.99 585.74,240.37 581.24,238.70 576.56,237.00 571.72,235.27 566.76,233.51 561.64,231.71 556.36,229.86 550.98,227.97 
      545.47,226.04 539.84,224.08 534.08,222.06 528.24,220.02 522.28,217.95 516.24,215.82 510.11,213.67 503.89,211.47 497.59,209.25 491.24,206.99 
      484.82,204.68 478.34,202.35 471.81,200.00 465.24,197.61 458.65,195.19 452.01,192.73 445.36,190.27 438.70,187.78 432.02,185.26 425.36,182.73 
      418.68,180.18 412.02,177.63 405.39,175.06 398.75,172.49 392.18,169.90 385.61,167.33 379.11,164.73 372.65,162.16 366.23,159.57 359.90,157.02 
      353.62,154.47 347.40,151.92 341.25,149.42 335.20,146.91 329.23,144.45 323.34,142.01 317.56,139.60 311.87,137.25 306.26,134.92 300.79,132.63 
      295.43,130.39 290.16,128.21 285.04,126.08 280.01,124.00 275.13,122.00 270.36,120.06 265.72,118.17 261.22,116.37 256.85,114.66 252.63,113.01 
      248.52,111.45 244.56,109.98 240.76,108.59 237.09,107.30 233.55,106.11 230.17,105.01 226.92,104.02 223.84,103.12 220.88,102.35 218.09,101.69 
      215.40,101.12 212.90,100.70 210.53,100.37 208.29,100.18 206.20,100.11 204.24,100.15 202.42,100.35 200.75,100.66 199.21,101.10 197.80,101.67 
      196.51,102.37 195.36,103.21 194.35,104.20 193.45,105.30 192.66,106.55 192.00,107.95 191.48,109.47 191.04,111.14 190.71,112.94 190.51,114.90 
      190.38,116.99 190.38,119.21 190.46,121.56 190.64,124.06 190.90,126.70 191.26,129.47 191.70,132.35 192.20,135.38 192.77,138.54 193.43,141.84 
      194.16,145.24 194.95,148.78 195.78,152.45 196.68,156.23 197.63,160.12 198.62,164.14 199.67,168.25 200.75,172.49 201.87,176.82 203.01,181.26 
      204.20,185.78 205.41,190.40 206.62,195.12 207.87,199.91 209.14,204.79 210.42,209.76 211.69,214.79 212.99,219.89 214.28,225.05 215.58,230.28 
      216.88,235.55 218.15,240.87 219.45,246.23 220.72,251.66 221.97,257.11 223.23,262.58 224.48,268.07 225.69,273.59 226.90,279.13 228.08,284.66 
      229.25,290.20 230.39,295.76 231.51,301.28 232.61,306.81 233.69,312.31 234.72,317.80 235.75,323.25 236.74,328.66 237.73,334.04 238.67,339.38 
      239.60,344.67 240.52,349.90 241.40,355.07 242.26,360.16 243.09,365.20 243.90,370.16 244.69,375.04 245.49,379.85 246.26,384.56 247.00,389.17 
      247.73,393.70 248.45,398.11 249.18,402.42 249.88,406.62 250.61,410.70 251.31,414.66 252.01,418.50 252.72,422.24 253.42,425.82 254.14,429.29 
      254.87,432.61 255.62,435.82 256.36,438.85 257.13,441.77 257.94,444.54 258.76,447.16 259.61,449.62 260.49,451.93 261.42,454.10 262.36,456.10 
      263.35,457.97 264.38,459.66 265.46,461.20 266.60,462.58 267.77,463.81 269.00,464.87 270.29,465.79 271.66,466.54 273.06,467.13 274.56,467.55 
      276.09,467.83 277.72,467.94 279.43,467.90 281.19,467.70 283.04,467.35 284.97,466.87 286.99,466.21 289.10,465.42 291.28,464.45 293.54,463.37 
      295.91,462.12 298.38,460.76 300.92,459.24 303.56,457.59 306.29,455.81 309.12,453.90 312.04,451.86 315.08,449.71 318.20,447.44 321.40,445.05 
      324.72,442.52 328.13,439.91 331.64,437.20 335.25,434.37 338.94,431.45 342.74,428.44 346.61,425.34 350.58,422.15 354.65,418.88 358.82,415.54 
      363.07,412.13 367.37,408.64 371.79,405.08 376.27,401.47 380.84,397.81 385.48,394.09 390.18,390.33 394.97,386.53 399.80,382.69 404.73,378.82 
      409.67,374.93 414.70,371.00 419.76,367.04 424.88,363.09 430.02,359.11 435.20,355.13 440.43,351.16 445.68,347.16 450.96,343.18 456.25,339.22 
      461.55,335.25 466.87,331.31 472.18,327.40 477.48,323.49 482.78,319.62 488.07,315.78 493.35,311.98 498.57,308.20 503.80,304.46 508.97,300.77 
      514.11,297.15 519.19,293.54 524.22,290.00 529.18,286.51 534.08,283.06 538.92,279.68 543.66,276.36 548.34,273.11 552.91,269.90 557.40,266.78 
      561.79,263.70 566.05,260.71 570.23,257.77 574.27,254.91 578.21,252.12 582.01,249.40 585.66,246.76 589.19,244.19 592.55,241.68 595.78,239.25 
      598.86,236.89 601.78,234.61 604.55,232.39 607.12,230.26 609.54,228.19 611.78,226.19 613.85,224.26 615.74,222.39 617.43,220.61 618.92,218.90 
      620.24,217.23 621.36,215.65 622.28,214.11 622.99,212.66 623.52,211.25 623.82,209.91 623.93,208.61 623.82,207.38 623.52,206.22 622.99,205.08 
      622.26,204.02 621.32,202.99 620.15,202.00 618.79,201.06 617.21,200.18 615.41,199.32 613.41,198.51 611.21,197.72 608.77,196.97 606.16,196.24 
      603.32,195.54 600.27,194.88 597.04,194.24 593.59,193.61 589.96,193.01 586.14,192.42 582.12,191.85 577.90,191.30 573.50,190.75 568.93,190.20 
      564.19,189.67 559.27,189.15 554.19,188.62 548.94,188.09 543.53,187.56 537.97,187.04 532.26,186.49 526.39,185.96 520.42,185.39 514.29,184.84 
      508.05,184.27 501.67,183.68 495.19,183.08 488.60,182.49 481.92,181.85 475.13,181.21 468.25,180.55 461.31,179.90 454.28,179.19 447.18,178.49 
      440.02,177.76 432.81,177.02 425.54,176.25 418.24,175.46 410.90,174.67 403.54,173.85 396.18,173.02 388.77,172.16 381.39,171.28 374.01,170.40 
      366.62,169.50 359.26,168.60 351.92,167.68 344.61,166.73 337.33,165.79 330.11,164.82 322.94,163.88 315.82,162.91 308.77,161.94 301.78,160.95 
      294.88,159.99 288.07,159.02 281.32,158.05 274.69,157.11 268.16,156.14 261.75,155.22 255.42,154.30 249.22,153.37 243.16,152.49 237.20,151.62 
      231.40,150.78 225.73,149.97 220.19,149.18 214.81,148.41 209.58,147.70 204.51,147.02 199.58,146.36 194.82,145.77 190.22,145.22 185.78,144.72 
      181.54,144.25 177.46,143.86 173.55,143.53 169.81,143.24 166.25,143.02 162.89,142.89 159.68,142.80 156.67,142.80 153.86,142.85 151.22,143.00 
      148.76,143.22 146.50,143.53 144.41,143.90 142.50,144.39 140.78,144.94 139.27,145.60 137.90,146.34 136.74,147.18 135.75,148.10 134.94,149.13 
      134.32,150.28 133.86,151.51 133.58,152.85 133.47,154.27 133.51,155.81 133.73,157.46 134.13,159.22 134.65,161.09 135.36,163.06 136.21,165.13 
      137.22,167.33 138.37,169.61 139.64,172.03 141.07,174.53 142.63,177.15 144.32,179.87 146.14,182.71 148.08,185.65 150.12,188.71 152.30,191.85 
      154.56,195.10 156.93,198.44 159.42,201.89 161.99,205.45 164.65,209.10 167.39,212.83 170.21,216.66 173.11,220.59 176.07,224.59 179.10,228.68 
      182.18,232.85 185.32,237.09 188.53,241.42 191.76,245.82 195.04,250.28 198.35,254.80 201.72,259.40 205.08,264.05 208.48,268.73 211.91,273.50 
      215.34,278.29 218.77,283.13 222.22,288.00 225.67,292.90 229.12,297.85 232.54,302.79 235.97,307.78 239.38,312.77 242.78,317.76 246.17,322.77 
      249.53,327.78 252.85,332.79 256.14,337.77 259.42,342.74 262.65,347.71 265.86,352.63 269.00,357.53 272.12,362.41 275.19,367.22 278.23,372.01 
      281.21,376.73 284.16,381.41 287.04,386.03 289.87,390.60 292.66,395.08 295.41,399.48 298.09,403.80 300.73,408.07 303.30,412.22 305.82,416.28 
      308.31,420.24 310.72,424.11 313.10,427.86 315.43,431.53 317.69,435.05 319.93,438.48 322.09,441.77 324.22,444.94 326.30,447.99 328.33,450.89 
      330.33,453.66 332.28,456.30 334.19,458.80 336.06,461.15 337.91,463.35 339.71,465.40 341.47,467.31 343.22,469.04 344.94,470.65 346.63,472.07 
      348.30,473.35 349.95,474.45 351.57,475.39 353.20,476.18 354.80,476.80 356.41,477.26 357.99,477.55 359.57,477.68 361.18,477.63 362.76,477.44 
      364.36,477.06 365.97,476.51 367.57,475.81 369.20,474.95 370.84,473.92 372.49,472.73 374.18,471.37 375.88,469.86 377.61,468.19 379.37,466.36 
      381.15,464.38 382.97,462.27 384.82,459.99 386.71,457.57 388.64,455.00 390.62,452.30 392.64,449.46 394.68,446.48 396.79,443.38 398.95,440.15 
      401.15,436.79 403.39,433.31 405.69,429.71 408.02,426.00 410.42,422.20 412.88,418.28 415.38,414.26 417.93,410.15 420.55,405.94 423.21,401.65 
      425.91,397.28 428.68,392.84 431.49,388.31 434.35,383.74 437.27,379.08 440.24,374.38 443.25,369.64 446.30,364.82 449.38,359.97 452.52,355.09 
      455.70,350.17 458.91,345.22 462.16,340.26 465.46,335.27 468.78,330.28 472.12,325.27 475.48,320.26 478.86,315.27 482.27,310.26 485.70,305.28 
      489.13,300.31 492.58,295.37 496.03,290.44 499.48,285.57 502.90,280.71 506.35,275.88 509.76,271.11 513.17,266.38 516.57,261.70 519.93,257.09 
      523.25,252.54 526.57,248.03 529.82,243.62 533.03,239.25 536.22,234.96 539.34,230.76 542.39,226.63 545.38,222.57 548.32,218.61 551.18,214.75 
      553.95,210.94 556.65,207.25 559.27,203.67 561.79,200.16 564.21,196.77 566.54,193.45 568.76,190.27 570.87,187.17 572.87,184.18 574.73,181.28 
      576.49,178.51 578.12,175.83 579.61,173.26 580.97,170.80 582.18,168.45 583.26,166.21 584.18,164.07 584.97,162.05 585.59,160.14 586.05,158.34 
      586.36,156.63 586.49,155.04 586.47,153.55 586.27,152.17 585.90,150.87 585.35,149.70 584.62,148.61 583.74,147.64 582.67,146.74 581.39,145.95 
      579.96,145.27 578.34,144.65 576.54,144.15 574.54,143.71 572.36,143.35 569.99,143.09 567.44,142.91 564.71,142.83 561.79,142.78 558.69,142.83 
      555.42,142.96 551.95,143.13 548.30,143.38 544.48,143.68 540.48,144.06 536.30,144.47 531.97,144.96 527.45,145.49 522.79,146.06 517.93,146.69 
      512.95,147.35 507.78,148.06 502.46,148.78 497.01,149.57 491.41,150.36 485.68,151.20 479.79,152.06 473.79,152.93 467.64,153.84 461.40,154.76 
      455.02,155.68 448.54,156.63 441.95,157.57 435.27,158.54 428.50,159.50 421.62,160.47 414.68,161.44 407.67,162.43 400.60,163.39 393.43,164.36 
      386.25,165.31 379.00,166.25 371.70,167.20 364.38,168.14 357.02,169.04 349.64,169.96 342.26,170.84 334.87,171.72 327.47,172.58 320.09,173.44 
      312.72,174.25 305.39,175.06 298.07,175.85 290.77,176.64 283.54,177.39 276.36,178.12 269.24,178.84 262.16,179.54 255.18,180.23 248.25,180.88 
      241.42,181.54 234.70,182.18 228.04,182.80 221.51,183.39 215.10,183.98 208.77,184.55 202.59,185.13 196.53,185.67 190.62,186.22 184.84,186.75 
      179.19,187.30 173.70,187.83 168.38,188.36 163.22,188.88 158.21,189.41 153.37,189.94 148.72,190.49 144.23,191.01 139.93,191.59 135.82,192.13 
      131.88,192.73 128.15,193.32 124.61,193.91 121.27,194.55 118.13,195.21 115.21,195.89 112.46,196.60 109.93,197.34 107.63,198.09 105.52,198.90 
      103.63,199.74 101.93,200.62 100.46,201.54 99.19,202.48 98.15,203.49 97.30,204.55 96.68,205.65 96.27,206.79 96.05,208.00 96.05,209.25 
      96.27,210.57 96.68,211.93 97.30,213.38 98.11,214.88 99.12,216.44 100.35,218.06 101.76,219.73 103.36,221.49 105.14,223.31 107.12,225.20 
      109.27,227.18 111.60,229.20 114.11,231.31 116.77,233.49 119.60,235.73 122.61,238.06 125.75,240.45 129.07,242.92 132.52,245.46 136.10,248.08 
      139.84,250.76 143.71,253.51 147.68,256.34 151.79,259.24 156.01,262.21 160.34,265.24 164.78,268.34 169.33,271.50 173.94,274.73 178.67,278.01 
      183.46,281.37 188.31,284.77 193.26,288.25 198.24,291.76 203.32,295.32 208.42,298.95 213.58,302.62 218.77,306.33 224.00,310.09 229.25,313.87 
      234.52,317.69 239.82,321.56 245.13,325.45 250.43,329.36 255.75,333.29 261.07,337.22 266.36,341.20 271.63,345.18 276.91,349.16 282.14,353.13 
      287.35,357.13 292.51,361.11 297.65,365.06 302.73,369.02 307.78,372.95 312.77,376.86 317.71,380.75 322.57,384.62 327.38,388.44 332.13,392.22 
      336.81,395.96 341.40,399.65 345.93,403.30 350.39,406.88 354.76,410.40 359.04,413.85 363.24,417.23 367.35,420.53 371.37,423.76 375.30,426.90 
      379.13,429.95 382.89,432.92 386.53,435.80 390.09,438.57 393.54,441.25 396.90,443.80 400.18,446.26 403.34,448.59 406.42,450.80 409.39,452.89 
      412.26,454.87 415.05,456.72 417.73,458.43 420.33,460.01 422.83,461.46 425.23,462.76 427.56,463.92 429.78,464.96 431.93,465.83 433.97,466.56 
      435.95,467.13 437.84,467.55 439.66,467.83 441.40,467.94 443.05,467.90 444.63,467.70 446.15,467.35 447.60,466.85 448.98,466.19 450.32,465.35 
      451.57,464.36 452.78,463.22 453.95,461.92 455.05,460.45 456.10,458.83 457.11,457.05 458.08,455.11 459.02,453.02 459.90,450.78 460.78,448.41 
      461.62,445.86 462.43,443.16 463.22,440.32 463.97,437.36 464.71,434.24 465.46,430.96 466.19,427.58 466.89,424.04 467.61,420.39 468.32,416.61 
      469.02,412.70 469.72,408.68 470.43,404.53 471.13,400.27 471.86,395.92 472.58,391.43 473.33,386.88 474.10,382.20 474.87,377.46 475.66,372.62 
      476.47,367.70 477.28,362.69 478.14,357.64 479.00,352.50 479.90,347.29 480.82,342.04 481.74,336.72 482.71,331.36 483.70,325.95 484.71,320.52 
      485.76,315.05 486.82,309.56 487.90,304.04 489.02,298.53 490.14,292.97 491.30,287.43 492.47,281.90 493.65,276.36 494.88,270.82 496.11,265.33 
      497.34,259.83 498.62,254.36 499.87,248.94 501.17,243.55 502.44,238.21 503.74,232.90 505.03,227.64 506.33,222.46 507.63,217.34 508.90,212.26 
      510.20,207.27 511.45,202.35 512.70,197.52 513.96,192.75 515.16,188.09 516.35,183.50 517.52,179.02 518.66,174.64 519.76,170.36 520.81,166.18 
      521.84,162.12 522.81,158.16 523.73,154.32 524.61,150.61 525.43,147.00 526.17,143.53 526.85,140.17 527.47,136.96 528.02,133.86 528.50,130.90 
      528.90,128.06 529.21,125.36 529.43,122.79 529.56,120.37 529.58,118.08 529.54,115.93 529.36,113.91 529.10,112.02 528.72,110.28 528.24,108.70 
      527.62,107.23 526.92,105.91 526.09,104.72 525.12,103.69 524.04,102.77 522.81,102.00 521.47,101.36 520.00,100.86 518.39,100.48 516.64,100.24 
      514.77,100.11 512.75,100.13 510.57,100.26 508.27,100.53 505.83,100.90 503.23,101.38 500.51,102.00 497.61,102.73 494.60,103.56 491.43,104.51 
      488.12,105.54 484.67,106.68 481.06,107.93 477.30,109.27 473.44,110.70 469.39,112.22 465.24,113.82 460.93,115.51 456.50,117.27 451.93,119.10 
      447.22,121.01 442.41,122.98 437.44,125.03 432.37,127.14 427.18,129.29 421.87,131.51 416.44,133.75 410.90,136.06 405.28,138.41 399.52,140.81 
      393.70,143.22 387.76,145.68 381.74,148.17 375.63,150.67 369.46,153.20 363.22,155.75 356.89,158.30 350.52,160.87 344.08,163.44 337.60,166.03 
      331.07,168.60 324.50,171.19 317.89,173.77 311.25,176.36 304.62,178.91 297.94,181.46 291.28,184.00 284.60,186.53 277.92,189.01 271.26,191.50 
      264.62,193.96 258.01,196.40 251.42,198.79 244.87,201.17 238.39,203.52 231.93,205.85 225.53,208.11 219.21,210.37 212.97,212.57 206.77,214.75 
      200.68,216.90 194.68,218.99 188.77,221.05 182.97,223.07 177.28,225.07 171.72,227.01 166.27,228.92 160.93,230.79 155.75,232.61 150.69,234.39 
      145.79,236.15 141.05,237.86 136.45,239.53 132.02,241.18 127.73,242.78 123.64,244.34 119.71,245.88 115.98,247.38 112.42,248.85 109.03,250.30 
      105.87,251.70 102.88,253.09 100.09,254.45 97.50,255.79 95.12,257.09 92.95,258.38 90.99,259.66 89.23,260.91 87.70,262.16 86.38,263.39 
      85.28,264.60 84.40,265.81 83.74,267.02 83.30,268.21 83.08,269.39 83.08,270.58 83.30,271.79 83.74,272.97 84.40,274.18 85.28,275.39 
      86.38,276.60 87.70,277.83 89.23,279.06 90.99,280.31 92.95,281.59 95.12,282.88 97.50,284.20 100.09,285.54 102.88,286.88 105.87,288.27 
      109.03,289.70 112.42,291.12 115.98,292.60 119.71,294.11 123.64,295.63 127.73,297.21 132.02,298.82 136.45,300.44 141.05,302.11 145.79,303.83 
      150.69,305.58 155.75,307.38 160.93,309.21 166.27,311.08 171.72,312.97 177.28,314.92 182.97,316.90 188.77,318.92 194.68,320.99 200.68,323.10 
      206.77,325.23 212.97,327.40 219.21,329.62 225.53,331.86 231.93,334.15 238.39,336.46 244.87,338.81 251.42,341.18 258.01,343.60 264.62,346.01 
      271.26,348.47 277.92,350.96 284.60,353.46 291.28,355.99 297.94,358.52 304.62,361.07 311.25,363.64 317.89,366.21 324.50,368.78 331.07,371.37 
      337.60,373.96 344.08,376.53 350.52,379.13 356.89,381.70 363.22,384.25 369.46,386.80 375.63,389.32 381.74,391.83 387.76,394.31 393.70,396.75 
      399.52,399.19 405.28,401.56 410.90,403.91 416.44,406.22 421.87,408.48 427.18,410.70 432.37,412.86 437.44,414.94 442.41,416.99 447.22,418.97 
      451.93,420.88 456.50,422.72 460.93,424.48 465.24,426.17 469.39,427.78 473.44,429.29 477.30,430.72 481.06,432.06 484.67,433.29 488.12,434.43 
      491.43,435.49 494.60,436.43 497.61,437.27 500.51,437.97 503.23,438.59 505.83,439.09 508.27,439.47 510.57,439.73 512.75,439.86 514.77,439.86 
      516.64,439.75 518.39,439.51 520.00,439.14 521.47,438.63 522.81,437.97 524.04,437.20 525.12,436.30 526.09,435.25 526.92,434.06 527.62,432.74 
      528.24,431.29 528.72,429.69 529.10,427.95 529.36,426.08 529.54,424.06 529.58,421.91 529.56,419.62 529.43,417.19 529.21,414.64 528.90,411.93 
      528.50,409.10 528.02,406.13 527.47,403.03 526.85,399.80 526.17,396.46 525.43,392.97 524.61,389.37 523.73,385.65 522.81,381.81 521.84,377.85 
      520.81,373.79 519.76,369.61 518.66,365.35 517.52,360.96 516.35,356.47 515.16,351.90 513.96,347.22 512.70,342.48 511.45,337.64 510.20,332.72 
      508.90,327.71 507.63,322.66 506.33,317.51 505.03,312.33 503.74,307.08 502.44,301.78 501.17,296.42 499.87,291.04 498.62,285.61 497.34,280.16 
      496.11,274.67 494.88,269.15 493.65,263.64 492.47,258.10 491.30,252.54 490.14,247.00 489.02,241.46 487.90,235.93 486.82,230.41 485.76,224.92 
      484.71,219.45 483.70,214.02 482.71,208.61 481.74,203.28 480.82,197.96 479.90,192.71 479.00,187.50 478.14,182.36 477.28,177.28 476.47,172.29 
      475.66,167.37 474.87,162.51 474.10,157.77 473.33,153.11 472.58,148.54 471.86,144.08 471.13,139.71 470.43,135.47 469.72,131.31 469.02,127.29 
      468.32,123.38 467.61,119.60 466.89,115.93 466.19,112.42 465.46,109.01 464.71,105.76 463.97,102.64 463.22,99.65 462.43,96.81 461.62,94.13 
      460.78,91.58 459.90,89.19 459.02,86.95 458.08,84.86 457.11,82.93 456.10,81.15 455.05,79.52 453.95,78.07 452.78,76.77 451.57,75.61 
      450.32,74.64 448.98,73.81 447.60,73.13 446.15,72.62 444.63,72.27 443.05,72.07 441.40,72.05 439.66,72.16 437.84,72.42 435.95,72.86 
      433.97,73.43 431.93,74.16 429.78,75.04 427.56,76.05 425.23,77.21 422.83,78.53 420.33,79.96 417.73,81.54 415.05,83.26 412.26,85.10 
      409.39,87.08 406.42,89.19 403.34,91.39 400.18,93.74 396.90,96.18 393.54,98.75 390.09,101.41 386.53,104.18 382.89,107.05 379.13,110.02 
      375.30,113.07 371.37,116.22 367.35,119.45 363.24,122.76 359.04,126.15 354.76,129.60 350.39,133.11 345.93,136.70 341.40,140.32 336.81,144.01 
      332.13,147.75 327.38,151.55 322.57,155.37 317.71,159.22 312.77,163.11 307.78,167.02 302.73,170.95 297.65,174.91 292.51,178.88 287.35,182.86 
      282.14,186.84 276.91,190.84 271.63,194.82 266.36,198.79 261.07,202.75 255.75,206.70 250.43,210.64 245.13,214.55 239.82,218.44 234.52,222.28 
      229.25,226.11 224.00,229.91 218.77,233.64 213.58,237.36 208.42,241.03 203.32,244.65 198.24,248.23 193.26,251.75 188.31,255.20 183.46,258.63 
      178.67,261.97 173.94,265.26 169.33,268.49 164.78,271.66 160.34,274.75 156.01,277.79 151.79,280.75 147.68,283.65 143.71,286.47 139.84,289.23 
      136.10,291.92 132.52,294.53 129.07,297.06 125.75,299.52 122.61,301.91 119.60,304.24 116.77,306.48 114.11,308.66 111.60,310.77 109.27,312.81 
      107.12,314.77 105.14,316.66 103.36,318.48 101.76,320.24 100.35,321.93 99.12,323.56 98.11,325.12 97.30,326.61 96.68,328.04 96.27,329.42 
      96.05,330.72 96.05,331.99 96.27,333.18 96.68,334.35 97.30,335.44 98.15,336.50 99.19,337.49 100.46,338.46 101.93,339.38 103.63,340.23 
      105.52,341.09 107.63,341.88 109.93,342.65 112.46,343.38 115.21,344.10 118.13,344.76 121.27,345.42 124.61,346.06 128.15,346.67 131.88,347.27 
      135.82,347.84 139.93,348.41 144.23,348.96 148.72,349.51 153.37,350.04 158.21,350.58 163.22,351.11 168.38,351.64 173.70,352.17 179.19,352.69 
      184.84,353.22 190.62,353.77 196.53,354.30 202.59,354.87 208.77,355.42 215.10,356.01 221.51,356.58 228.04,357.20 234.70,357.81 241.42,358.45 
      248.25,359.09 255.18,359.75 262.16,360.45 269.24,361.13 276.36,361.86 283.54,362.60 290.77,363.35 298.07,364.12 305.39,364.91 312.72,365.72 
      320.09,366.56 327.47,367.39 334.87,368.25 342.26,369.13 349.64,370.03 357.02,370.93 364.38,371.85 371.70,372.78 379.00,373.72 386.25,374.67 
      393.43,375.63 400.60,376.60 407.67,377.57 414.68,378.53 421.62,379.50 428.50,380.47 435.27,381.43 441.95,382.40 448.54,383.37 455.02,384.31 
      461.40,385.24 467.64,386.16 473.79,387.06 479.79,387.94 485.68,388.80 491.41,389.61 497.01,390.42 502.46,391.19 507.78,391.94 512.95,392.64 
      517.93,393.30 522.79,393.92 527.45,394.49 531.97,395.01 536.30,395.50 540.48,395.94 544.48,396.29 548.30,396.60 551.95,396.86 555.42,397.04 
      558.69,397.15 561.79,397.19 564.71,397.17 567.44,397.06 569.99,396.88 572.36,396.62 574.54,396.29 576.54,395.85 578.34,395.34 579.96,394.73 
      581.39,394.03 582.67,393.23 583.74,392.36 584.62,391.37 585.35,390.29 585.90,389.10 586.27,387.83 586.47,386.44 586.49,384.95 586.36,383.35 
      586.05,381.65 585.59,379.83 584.97,377.92 584.18,375.90 583.26,373.77 582.18,371.53 580.97,369.17 579.61,366.71 578.12,364.16 576.49,361.48 
      574.73,358.69 572.87,355.81 570.87,352.83 568.76,349.73 566.54,346.52 564.21,343.22 561.79,339.82 559.27,336.32 556.65,332.72 553.95,329.03 
      551.18,325.25 548.32,321.38 545.38,317.40 542.39,313.36 539.34,309.23 536.22,305.01 533.03,300.73 529.82,296.38 526.57,291.94 523.25,287.46 
      519.93,282.88 516.57,278.27 513.17,273.59 509.76,268.87 506.35,264.10 502.90,259.29 499.48,254.43 496.03,249.53 492.58,244.61 489.13,239.66 
      485.70,234.70 482.27,229.71 478.86,224.72 475.48,219.71 472.12,214.70 468.78,209.71 465.46,204.70 462.16,199.72 458.91,194.75 455.70,189.81 
      452.52,184.91 449.38,180.01 446.30,175.17 443.25,170.36 440.24,165.59 437.27,160.89 434.35,156.25 431.49,151.66 428.68,147.13 425.91,142.69 
      423.21,138.32 420.55,134.04 417.93,129.84 415.38,125.73 412.88,121.71 410.42,117.80 408.02,113.98 405.69,110.26 403.39,106.68 401.15,103.21 
      398.95,99.85 396.79,96.62 394.68,93.50 392.64,90.53 390.62,87.67 388.64,84.97 386.71,82.42 384.82,79.98 382.97,77.72 381.15,75.59 
      379.37,73.61 377.61,71.79 375.88,70.12 374.18,68.60 372.49,67.26 370.84,66.07 369.20,65.04 367.57,64.16 365.97,63.46 364.36,62.93 
      362.76,62.56 361.18,62.34 359.57,62.32 357.99,62.43 356.41,62.71 354.80,63.17 353.20,63.79 351.57,64.58 349.95,65.52 348.30,66.65 
      346.63,67.92 344.94,69.35 343.22,70.93 341.47,72.69 339.71,74.58 337.91,76.64 336.06,78.84 334.19,81.19 332.28,83.67 330.33,86.31 
      328.33,89.08 326.30,92.00 324.22,95.03 322.09,98.20 319.93,101.52 317.69,104.92 315.43,108.46 313.10,112.11 310.72,115.87 308.31,119.73 
      305.82,123.71 303.30,127.77 300.73,131.93 298.09,136.17 295.41,140.50 292.66,144.91 289.87,149.40 287.04,153.95 284.16,158.56 281.21,163.24 
      278.23,167.96 275.19,172.75 272.12,177.59 269.00,182.44 265.86,187.34 262.65,192.29 259.42,197.23 256.14,202.22 252.85,207.21 249.53,212.20 
      246.17,217.21 242.78,222.22 239.38,227.23 235.97,232.21 232.54,237.18 229.12,242.15 225.67,247.07 222.22,251.99 218.77,256.87 215.34,261.70 
      211.91,266.49 208.48,271.24 205.08,275.94 201.72,280.58 198.35,285.17 195.04,289.70 191.76,294.18 188.53,298.57 185.32,302.88 182.18,307.14 
      179.10,311.30 176.07,315.41 173.11,319.40 170.21,323.32 167.39,327.16 164.65,330.90 161.99,334.54 159.42,338.08 156.93,341.53 154.56,344.89 
      152.30,348.15 150.12,351.29 148.08,354.32 146.14,357.26 144.32,360.10 142.63,362.82 141.07,365.46 139.64,367.97 138.37,370.36 137.22,372.67 
      136.21,374.84 135.36,376.93 134.65,378.89 134.13,380.75 133.73,382.51 133.51,384.16 133.47,385.70 133.58,387.15 133.86,388.49 134.32,389.72 
      134.94,390.84 135.75,391.87 136.74,392.82 137.90,393.65 139.27,394.40 140.78,395.04 142.50,395.61 144.41,396.07 146.50,396.46 148.76,396.77 
      151.22,396.99 153.86,397.12 156.67,397.19 159.68,397.19 162.89,397.10 166.25,396.95 169.81,396.73 173.55,396.46 177.46,396.11 181.54,395.72 
      185.78,395.28 190.22,394.77 194.82,394.22 199.58,393.61 204.51,392.97 209.58,392.29 214.81,391.56 220.19,390.82 225.73,390.03 231.40,389.21 
      237.20,388.36 243.16,387.50 249.22,386.60 255.42,385.70 261.75,384.77 268.16,383.83 274.69,382.89 281.32,381.92 288.07,380.97 294.88,379.98 
      301.78,379.02 308.77,378.05 315.82,377.08 322.94,376.12 330.11,375.15 337.33,374.21 344.61,373.26 351.92,372.32 359.26,371.39 366.62,370.47 
      374.01,369.57 381.39,368.69 388.77,367.83 396.18,366.98 403.54,366.14 410.90,365.33 418.24,364.52 425.54,363.72 432.81,362.98 440.02,362.23 
      447.18,361.51 454.28,360.78 461.31,360.10 468.25,359.42 475.13,358.76 481.92,358.12 488.60,357.51 495.19,356.89 501.67,356.30 508.05,355.73 
      514.29,355.15 520.42,354.58 526.39,354.03 532.26,353.48 537.97,352.96 543.53,352.43 548.94,351.90 554.19,351.38 559.27,350.85 564.19,350.32 
      568.93,349.77 573.50,349.24 577.90,348.69 582.12,348.12 586.14,347.55 589.96,346.98 593.59,346.37 597.04,345.75 600.27,345.11 603.32,344.43 
      606.16,343.75 608.77,343.03 611.21,342.28 613.41,341.49 615.41,340.67 617.21,339.82 618.79,338.92 620.15,337.97 621.32,337.00 622.26,335.97 
      622.99,334.90 623.52,333.77 623.82,332.59 623.93,331.36 623.82,330.08 623.52,328.74 622.99,327.34 622.28,325.86 621.36,324.35 620.24,322.74 
      618.92,321.10 617.43,319.38 615.74,317.58 613.85,315.73 611.78,313.80 609.54,311.80 607.12,309.74 604.55,307.58 601.78,305.39 598.86,303.10 
      595.78,300.73 592.55,298.31 589.19,295.80 585.66,293.23 582.01,290.58 578.21,287.85 574.27,285.06 570.23,282.20 566.05,279.28 561.79,276.27 
      557.40,273.22 552.91,270.07 548.34,266.89 543.66,263.61 538.92,260.30 534.08,256.91 529.18,253.48 524.22,249.99 519.19,246.45 514.11,242.85 
      508.97,239.20 503.80,235.51 498.57,231.77 493.35,228.02 488.07,224.19 482.78,220.37 477.48,216.48 472.18,212.59 466.87,208.66 461.55,204.73 
      456.25,200.77 450.96,196.79 445.68,192.82 440.43,188.84 435.20,184.86 430.02,180.86 424.88,176.91 419.76,172.93 414.70,169.00 409.67,165.06 
      404.73,161.15 399.80,157.29 394.97,153.44 390.18,149.64 385.48,145.88 380.84,142.17 376.27,138.50 371.79,134.89 367.37,131.36 363.07,127.86 
      358.82,124.43 354.65,121.10 350.58,117.82 346.61,114.63 342.74,111.54 338.94,108.53 335.25,105.60 331.64,102.79 328.13,100.07 324.72,97.45 
      321.40,94.95 318.20,92.55 315.08,90.27 312.04,88.11 309.12,86.07 306.29,84.18 303.56,82.40 300.92,80.75 298.38,79.24 295.91,77.85 
      293.54,76.62 291.28,75.52 289.10,74.58 286.99,73.79 284.97,73.13 283.04,72.62 281.19,72.27 279.43,72.07 277.72,72.05 276.09,72.16 
      274.56,72.42 273.06,72.86 271.66,73.46 270.29,74.20 269.00,75.10 267.77,76.18 266.60,77.39 265.46,78.77 264.38,80.31 263.35,82.03 
      262.36,83.87 261.42,85.89 260.49,88.05 259.61,90.38 258.76,92.84 257.94,95.45 257.13,98.22 256.36,101.12 255.62,104.18 254.87,107.36 
      254.14,110.70 253.42,114.15 252.72,117.76 252.01,121.47 251.31,125.31 250.61,129.29 249.88,133.38 249.18,137.57 248.45,141.88 247.73,146.30 
      247.00,150.80 246.26,155.42 245.49,160.14 244.69,164.93 243.90,169.81 243.09,174.78 242.26,179.81 241.40,184.93 240.52,190.09 239.60,195.32 
      238.67,200.59 237.73,205.93 236.74,211.32 235.75,216.74 234.72,222.19 233.69,227.67 232.61,233.18 231.51,238.70 230.39,244.23 229.25,249.77 
      228.08,255.31 226.90,260.87 225.69,266.38 224.48,271.92 223.23,277.41 221.97,282.88 220.72,288.33 219.45,293.74 218.15,299.10 216.88,304.44 
      215.58,309.71 214.28,314.94 212.99,320.11 211.69,325.21 210.42,330.24 209.14,335.18 207.87,340.06 206.62,344.87 205.41,349.57 204.20,354.21 
      203.01,358.74 201.87,363.15 200.75,367.50 199.67,371.72 198.62,375.85 197.63,379.85 196.68,383.74 195.78,387.52 194.95,391.19 194.16,394.73 
      193.43,398.16 192.77,401.43 192.20,404.59 191.70,407.63 191.26,410.53 190.90,413.30 190.64,415.93 190.46,418.42 190.38,420.79 190.38,423.01 
      190.51,425.10 190.71,427.03 191.04,428.83 191.48,430.50 192.00,432.04 192.66,433.42 193.45,434.68 194.35,435.80 195.36,436.76 196.51,437.62 
      197.80,438.32 199.21,438.90 200.75,439.33 202.42,439.64 204.24,439.82 206.20,439.88 208.29,439.80 210.53,439.60 212.90,439.29 215.40,438.85 
      218.09,438.30 220.88,437.64 223.84,436.85 226.92,435.97 230.17,434.98 233.55,433.89 237.09,432.68 240.76,431.40 244.56,430.02 248.52,428.55 
      252.63,426.99 256.85,425.34 261.22,423.60 265.72,421.80 270.36,419.93 275.13,418.00 280.01,415.98 285.04,413.91 290.16,411.78 295.43,409.58 
      300.79,407.36 306.26,405.08 311.87,402.75 317.56,400.38 323.34,397.98 329.23,395.54 335.20,393.06 341.25,390.58 347.40,388.05 353.62,385.52 
      359.90,382.97 366.23,380.40 372.65,377.83 379.11,375.24 385.61,372.67 392.18,370.07 398.75,367.50 405.39,364.91 412.02,362.36 418.68,359.79 
      425.36,357.24 432.02,354.72 438.70,352.21 445.36,349.71 452.01,347.24 458.65,344.81 465.24,342.39 471.81,339.99 478.34,337.62 484.82,335.29 
      491.24,333.01 497.59,330.74 503.89,328.50 510.11,326.30 516.24,324.15 522.28,322.04 528.24,319.95 534.08,317.91 539.84,315.91 545.47,313.93 
      550.98,312.02 556.36,310.13 561.64,308.29 566.76,306.48 571.72,304.70 576.56,302.97 581.24,301.28 585.74,299.63 590.09,298.00 594.29,296.42 
      598.31,294.86 602.14,293.34 605.78,291.87 609.25,290.40 612.53,288.97 615.63,287.59 618.51,286.20 621.19,284.86 623.67,283.54 625.95,282.25 
      628.02,280.95 629.87,279.70 631.51,278.45 632.94,277.22 634.15,275.98 635.14,274.78 635.91,273.57 636.46,272.38 636.81,271.17 636.92,269.99 
      "/>
  </g>
</svg>
