<?xml version="1.0" encoding="UTF-8"?>
<!DOCTYPE svg PUBLIC "-//W3C//DTD SVG 1.1//EN"
        "http://www.w3.org/Graphics/SVG/1.1/DTD/svg11.dtd">
<svg
  xmlns="http://www.w3.org/2000/svg"
  xmlns:xlink="http://www.w3.org/1999/xlink"
  version="1.1"
  width="720pt"
  height="540pt"
  viewBox="0 0 720 540"
  >
  <rect
    x="0"
    y="0"
    width="720"
    height="540"
    stroke="none"
    fill="#000000"
    fill-opacity="1.000000"
    />
  <g
    transform="matrix(1 0 0 -1 0 540)"
    >
    <polyline
      stroke-width="1"
      stroke="#FF0000"
      stroke-opacity="1.000000"
      fill="#FF0000"
      fill-opacity="1.000000"
      fill-rule="nonzero"
      points="636.92,269.99 636.79,268.14 636.41,266.29 635.80,264.47 634.94,262.69 633.82,260.93 632.48,259.22 630.90,257.55 629.07,255.97 627.03,254.43 
      624.77,252.98 622.28,251.62 619.60,250.36 616.70,249.20 613.63,248.14 610.35,247.20 606.88,246.39 603.28,245.71 599.50,245.16 595.57,244.74 
      591.50,244.48 587.30,244.34 583.00,244.39 578.58,244.59 574.05,244.94 569.46,245.44 564.80,246.12 560.08,246.98 555.31,247.99 550.50,249.18 
      545.66,250.54 540.83,252.06 536.00,253.75 531.18,255.62 526.39,257.64 521.65,259.83 516.97,262.19 512.33,264.69 507.76,267.35 503.30,270.16 
      498.93,273.13 494.64,276.23 490.51,279.46 486.49,282.82 482.60,286.31 478.86,289.94 475.28,293.65 471.86,297.47 468.60,301.39 465.55,305.41 
      462.67,309.49 459.97,313.65 457.46,317.87 455.18,322.15 453.07,326.48 451.18,330.85 449.51,335.23 448.06,339.64 446.81,344.06 445.77,348.47 
      444.96,352.89 444.37,357.29 443.97,361.66 443.80,365.99 443.84,370.25 444.08,374.49 444.52,378.64 445.18,382.73 446.01,386.75 447.05,390.66 
      448.28,394.49 449.66,398.20 451.22,401.80 452.96,405.28 454.83,408.64 456.85,411.85 459.00,414.92 461.29,417.84 463.70,420.64 466.21,423.25 
      468.80,425.71 471.48,428.02 474.25,430.13 477.06,432.08 479.94,433.86 482.86,435.47 485.79,436.87 488.75,438.10 491.70,439.16 494.64,440.04 
      497.56,440.72 500.46,441.22 503.30,441.55 506.09,441.71 508.79,441.66 511.43,441.47 513.96,441.07 516.40,440.54 518.72,439.82 520.90,438.94 
      522.97,437.93 524.88,436.74 526.61,435.42 528.19,433.97 529.60,432.37 530.83,430.66 531.86,428.81 532.72,426.88 533.34,424.81 533.78,422.68 
      533.97,420.44 533.97,418.13 533.73,415.74 533.25,413.30 532.55,410.79 531.62,408.26 530.44,405.69 529.03,403.08 527.38,400.46 525.49,397.83 
      523.38,395.21 521.01,392.60 518.42,390.00 515.58,387.43 512.53,384.91 509.25,382.42 505.76,380.01 502.05,377.63 498.11,375.35 494.00,373.15 
      489.68,371.02 485.17,369.00 480.49,367.06 475.63,365.24 470.62,363.55 465.46,361.97 460.14,360.52 454.69,359.18 449.13,357.99 443.47,356.96 
      437.69,356.06 431.82,355.31 425.89,354.69 419.89,354.25 413.85,353.97 407.74,353.84 401.63,353.86 395.50,354.06 389.37,354.41 383.24,354.91 
      377.13,355.57 371.06,356.41 365.04,357.40 359.09,358.52 353.20,359.81 347.38,361.24 341.69,362.82 336.06,364.54 330.59,366.41 325.23,368.38 
      320.00,370.49 314.92,372.73 310.00,375.06 305.25,377.52 300.68,380.07 296.29,382.71 292.07,385.43 288.07,388.25 284.27,391.10 280.67,394.05 
      277.28,397.04 274.12,400.07 271.17,403.14 268.45,406.22 265.97,409.34 263.70,412.46 261.68,415.58 259.88,418.68 258.32,421.78 257.00,424.83 
      255.90,427.84 255.02,430.83 254.36,433.75 253.95,436.59 253.75,439.38 253.75,442.08 253.97,444.67 254.41,447.18 255.02,449.60 255.84,451.88 
      256.82,454.03 257.99,456.08 259.33,457.99 260.82,459.75 262.47,461.35 264.25,462.80 266.16,464.12 268.18,465.24 270.34,466.23 272.58,467.02 
      274.89,467.64 277.28,468.10 279.74,468.36 282.27,468.45 284.82,468.34 287.39,468.05 289.98,467.59 292.57,466.93 295.15,466.10 297.72,465.09 
      300.24,463.88 302.73,462.49 305.14,460.93 307.49,459.18 309.78,457.26 311.96,455.20 314.04,452.96 316.00,450.54 317.84,447.99 319.56,445.29 
      321.12,442.45 322.52,439.47 323.80,436.35 324.88,433.12 325.80,429.75 326.52,426.30 327.05,422.74 327.40,419.10 327.56,415.36 327.49,411.56 
      327.23,407.69 326.74,403.76 326.04,399.78 325.12,395.76 324.00,391.72 322.63,387.63 321.07,383.57 319.27,379.48 317.25,375.41 315.03,371.35 
      312.59,367.33 309.93,363.33 307.08,359.37 304.00,355.48 300.73,351.64 297.28,347.88 293.63,344.19 289.81,340.59 285.81,337.07 281.63,333.66 
      277.30,330.37 272.84,327.18 268.23,324.13 263.48,321.18 258.63,318.39 253.66,315.71 248.58,313.21 243.42,310.81 238.19,308.59 232.90,306.53 
      227.56,304.62 222.15,302.86 216.74,301.28 211.30,299.85 205.87,298.57 200.42,297.47 195.01,296.55 189.63,295.78 184.31,295.17 179.04,294.73 
      173.83,294.44 168.71,294.33 163.68,294.35 158.76,294.55 153.95,294.88 149.26,295.37 144.74,295.98 140.34,296.73 136.10,297.61 132.04,298.60 
      128.15,299.72 124.46,300.95 120.94,302.29 117.65,303.72 114.55,305.23 111.67,306.84 109.01,308.51 106.57,310.24 104.37,312.04 102.40,313.87 
      100.68,315.76 99.19,317.67 97.96,319.60 96.95,321.54 96.20,323.49 95.72,325.42 95.45,327.34 95.45,329.25 95.67,331.12 96.16,332.94 
      96.86,334.70 97.83,336.41 98.99,338.06 100.40,339.62 102.02,341.09 103.87,342.50 105.91,343.77 108.17,344.96 110.61,346.01 113.23,346.96 
      116.04,347.77 119.01,348.45 122.13,348.98 125.40,349.38 128.83,349.62 132.37,349.71 136.01,349.64 139.77,349.40 143.62,349.00 147.55,348.43 
      151.55,347.68 155.59,346.78 159.70,345.68 163.83,344.43 167.99,343.00 172.14,341.40 176.29,339.60 180.42,337.66 184.53,335.53 188.60,333.25 
      192.62,330.79 196.57,328.17 200.44,325.38 204.22,322.46 207.91,319.38 211.49,316.15 214.97,312.79 218.28,309.27 221.49,305.65 224.55,301.91 
      227.42,298.05 230.15,294.07 232.72,290.00 235.09,285.85 237.31,281.59 239.31,277.28 241.14,272.89 242.74,268.45 244.15,263.94 245.35,259.42 
      246.36,254.85 247.13,250.25 247.71,245.66 248.08,241.07 248.21,236.45 248.14,231.88 247.88,227.34 247.38,222.81 246.69,218.33 245.79,213.91 
      244.67,209.54 243.38,205.25 241.90,201.03 240.21,196.90 238.37,192.86 236.35,188.93 234.15,185.10 231.80,181.41 229.31,177.83 226.68,174.38 
      223.91,171.08 221.01,167.92 218.02,164.89 214.92,162.03 211.71,159.33 208.44,156.78 205.10,154.41 201.72,152.21 198.27,150.17 194.79,148.30 
      191.30,146.63 187.81,145.11 184.31,143.79 180.82,142.65 177.37,141.68 173.96,140.89 170.60,140.28 167.30,139.84 164.07,139.57 160.95,139.46 
      157.92,139.55 155.00,139.79 152.19,140.19 149.53,140.74 147.00,141.44 144.63,142.28 142.43,143.29 140.39,144.41 138.54,145.66 136.87,147.02 
      135.40,148.52 134.13,150.10 133.07,151.79 132.24,153.57 131.62,155.44 131.22,157.37 131.07,159.39 131.14,161.44 131.47,163.57 132.02,165.70 
      132.81,167.90 133.84,170.10 135.14,172.31 136.65,174.51 138.41,176.73 140.43,178.93 142.67,181.10 145.16,183.24 147.88,185.32 150.82,187.37 
      153.99,189.37 157.39,191.28 160.98,193.12 164.80,194.88 168.80,196.55 173.00,198.11 177.37,199.58 181.94,200.92 186.64,202.15 191.52,203.28 
      196.55,204.24 201.72,205.10 206.99,205.80 212.39,206.35 217.89,206.77 223.49,207.03 229.16,207.14 234.89,207.08 240.70,206.88 246.54,206.51 
      252.41,205.98 258.30,205.27 264.19,204.44 270.07,203.41 275.94,202.24 281.79,200.90 287.56,199.41 293.32,197.76 298.99,195.96 304.57,194.00 
      310.07,191.92 315.47,189.70 320.77,187.32 325.93,184.82 330.94,182.18 335.84,179.43 340.56,176.58 345.14,173.61 349.55,170.56 353.77,167.39 
      357.81,164.16 361.66,160.84 365.31,157.44 368.76,154.01 372.01,150.50 375.04,146.96 377.85,143.38 380.45,139.77 382.80,136.15 384.95,132.52 
      386.86,128.92 388.55,125.29 390.03,121.71 391.28,118.15 392.29,114.61 393.08,111.14 393.67,107.74 394.03,104.37 394.18,101.10 394.14,97.91 
      393.87,94.81 393.41,91.80 392.77,88.93 391.94,86.14 390.95,83.50 389.76,80.97 388.44,78.58 386.95,76.34 385.35,74.25 383.59,72.29 
      381.72,70.51 379.74,68.91 377.66,67.46 375.48,66.18 373.22,65.08 370.91,64.16 368.54,63.42 366.12,62.87 363.68,62.49 361.22,62.32 
      358.76,62.32 356.30,62.49 353.86,62.87 351.44,63.42 349.07,64.16 346.76,65.08 344.52,66.18 342.34,67.46 340.26,68.91 338.28,70.51 
      336.39,72.29 334.65,74.25 333.03,76.34 331.56,78.58 330.22,80.97 329.05,83.50 328.04,86.14 327.23,88.93 326.57,91.80 326.13,94.81 
      325.86,97.91 325.80,101.10 325.95,104.37 326.33,107.74 326.90,111.14 327.69,114.61 328.72,118.15 329.95,121.71 331.42,125.29 333.12,128.92 
      335.03,132.52 337.18,136.15 339.55,139.77 342.15,143.38 344.96,146.96 347.97,150.50 351.22,154.01 354.67,157.44 358.32,160.84 362.16,164.16 
      366.21,167.39 370.45,170.56 374.84,173.61 379.41,176.58 384.14,179.43 389.04,182.18 394.07,184.82 399.23,187.32 404.51,189.70 409.91,191.92 
      415.41,194.00 421.01,195.96 426.68,197.76 432.41,199.41 438.21,200.90 444.04,202.24 449.90,203.41 455.79,204.44 461.70,205.27 467.57,205.98 
      473.46,206.51 479.28,206.88 485.08,207.08 490.82,207.14 496.51,207.03 502.09,206.77 507.58,206.35 512.99,205.80 518.28,205.10 523.43,204.24 
      528.46,203.28 533.34,202.15 538.06,200.92 542.61,199.58 546.98,198.11 551.18,196.55 555.20,194.88 559.00,193.12 562.61,191.28 565.99,189.37 
      569.15,187.37 572.10,185.32 574.82,183.24 577.31,181.10 579.55,178.93 581.57,176.73 583.33,174.51 584.86,172.31 586.14,170.10 587.17,167.90 
      587.98,165.70 588.53,163.57 588.84,161.44 588.91,159.39 588.75,157.37 588.36,155.44 587.74,153.57 586.91,151.79 585.85,150.10 584.58,148.52 
      583.13,147.02 581.46,145.66 579.59,144.41 577.57,143.29 575.35,142.28 572.98,141.44 570.45,140.74 567.79,140.19 565.00,139.79 562.08,139.55 
      559.05,139.46 555.90,139.57 552.70,139.84 549.40,140.28 546.04,140.89 542.61,141.68 539.16,142.65 535.69,143.79 532.19,145.11 528.68,146.63 
      525.18,148.30 521.71,150.17 518.26,152.21 514.88,154.41 511.54,156.78 508.27,159.33 505.08,162.03 501.98,164.89 498.97,167.92 496.09,171.08 
      493.32,174.38 490.69,177.83 488.18,181.41 485.83,185.10 483.63,188.93 481.61,192.86 479.77,196.90 478.10,201.03 476.60,205.25 475.31,209.54 
      474.21,213.91 473.31,218.33 472.60,222.81 472.12,227.34 471.83,231.88 471.77,236.45 471.92,241.07 472.27,245.66 472.84,250.25 473.64,254.85 
      474.62,259.42 475.83,263.94 477.24,268.45 478.86,272.89 480.67,277.28 482.69,281.59 484.89,285.85 487.26,290.00 489.83,294.07 492.55,298.05 
      495.45,301.91 498.51,305.65 501.69,309.27 505.03,312.79 508.48,316.15 512.07,319.38 515.76,322.46 519.54,325.38 523.43,328.17 527.36,330.79 
      531.38,333.25 535.45,335.53 539.56,337.66 543.69,339.60 547.84,341.40 552.01,343.00 556.17,344.43 560.30,345.68 564.38,346.78 568.45,347.68 
      572.45,348.43 576.36,349.00 580.23,349.40 583.99,349.64 587.63,349.71 591.17,349.62 594.58,349.38 597.85,348.98 600.97,348.45 603.94,347.77 
      606.75,346.96 609.36,346.01 611.83,344.96 614.07,343.77 616.11,342.50 617.96,341.09 619.58,339.62 620.99,338.06 622.17,336.41 623.12,334.70 
      623.82,332.94 624.31,331.12 624.55,329.25 624.53,327.34 624.28,325.42 623.78,323.49 623.03,321.54 622.04,319.60 620.79,317.67 619.32,315.76 
      617.58,313.87 615.60,312.04 613.41,310.24 610.99,308.51 608.31,306.84 605.43,305.23 602.33,303.72 599.04,302.29 595.52,300.95 591.83,299.72 
      587.94,298.60 583.88,297.61 579.63,296.73 575.26,295.98 570.71,295.37 566.03,294.88 561.22,294.55 556.30,294.35 551.27,294.33 546.15,294.44 
      540.96,294.73 535.69,295.17 530.35,295.78 524.96,296.55 519.56,297.47 514.13,298.57 508.68,299.85 503.26,301.28 497.83,302.86 492.44,304.62 
      487.08,306.53 481.79,308.59 476.56,310.81 471.39,313.21 466.34,315.71 461.35,318.39 456.50,321.18 451.75,324.13 447.16,327.18 442.67,330.37 
      438.35,333.66 434.19,337.07 430.19,340.59 426.35,344.19 422.72,347.88 419.25,351.64 415.98,355.48 412.92,359.37 410.04,363.33 407.41,367.33 
      404.95,371.35 402.73,375.41 400.71,379.48 398.93,383.57 397.34,387.63 395.98,391.72 394.86,395.76 393.94,399.78 393.26,403.76 392.77,407.69 
      392.49,411.56 392.44,415.36 392.58,419.10 392.93,422.74 393.48,426.30 394.20,429.75 395.10,433.12 396.20,436.35 397.45,439.47 398.86,442.45 
      400.44,445.29 402.13,447.99 403.98,450.54 405.96,452.96 408.02,455.20 410.22,457.26 412.48,459.18 414.83,460.93 417.27,462.49 419.76,463.88 
      422.28,465.09 424.83,466.10 427.43,466.93 430.02,467.59 432.61,468.05 435.18,468.34 437.73,468.45 440.24,468.36 442.70,468.10 445.09,467.64 
      447.42,467.02 449.66,466.23 451.79,465.24 453.82,464.12 455.73,462.80 457.53,461.35 459.15,459.75 460.65,457.99 461.99,456.08 463.15,454.03 
      464.16,451.88 464.98,449.60 465.59,447.18 466.01,444.67 466.23,442.08 466.23,439.38 466.03,436.59 465.61,433.75 464.98,430.83 464.10,427.84 
      463.00,424.83 461.66,421.78 460.10,418.68 458.30,415.58 456.28,412.46 454.01,409.34 451.53,406.22 448.81,403.14 445.88,400.07 442.70,397.04 
      439.31,394.05 435.73,391.10 431.93,388.25 427.91,385.43 423.71,382.71 419.32,380.07 414.72,377.52 409.98,375.06 405.06,372.73 399.98,370.49 
      394.77,368.38 389.41,366.41 383.92,364.54 378.31,362.82 372.60,361.24 366.80,359.81 360.91,358.52 354.94,357.40 348.91,356.41 342.85,355.57 
      336.76,354.91 330.63,354.41 324.50,354.06 318.35,353.86 312.24,353.84 306.15,353.97 300.09,354.25 294.09,354.69 288.16,355.31 282.29,356.06 
      276.51,356.96 270.84,357.99 265.28,359.18 259.83,360.52 254.54,361.97 249.35,363.55 244.34,365.24 239.49,367.06 234.81,369.00 230.30,371.02 
      226.00,373.15 221.86,375.35 217.95,377.63 214.24,380.01 210.72,382.42 207.45,384.91 204.40,387.43 201.56,390.00 198.97,392.60 196.62,395.21 
      194.49,397.83 192.60,400.46 190.95,403.08 189.54,405.69 188.36,408.26 187.43,410.79 186.73,413.30 186.27,415.74 186.03,418.13 186.00,420.44 
      186.22,422.68 186.64,424.81 187.28,426.88 188.11,428.81 189.15,430.66 190.38,432.37 191.78,433.97 193.37,435.42 195.12,436.74 197.03,437.93 
      199.08,438.94 201.28,439.82 203.58,440.54 206.02,441.07 208.55,441.47 211.19,441.66 213.91,441.71 216.68,441.55 219.54,441.22 222.41,440.72 
      225.34,440.04 228.28,439.16 231.25,438.10 234.19,436.87 237.14,435.47 240.04,433.86 242.92,432.08 245.73,430.13 248.50,428.02 251.18,425.71 
      253.79,423.25 256.30,420.64 258.69,417.84 260.98,414.92 263.13,411.85 265.15,408.64 267.04,405.28 268.76,401.80 270.32,398.20 271.72,394.49 
      272.93,390.66 273.96,386.75 274.80,382.73 275.46,378.64 275.90,374.49 276.14,370.25 276.18,365.99 276.01,361.66 275.63,357.29 275.02,352.89 
      274.21,348.47 273.17,344.06 271.94,339.64 270.47,335.23 268.80,330.85 266.91,326.48 264.82,322.15 262.52,317.87 260.01,313.65 257.33,309.49 
      254.45,305.41 251.37,301.39 248.12,297.47 244.69,293.65 241.11,289.94 237.38,286.31 233.51,282.82 229.49,279.46 225.34,276.23 221.07,273.13 
      216.70,270.16 212.22,267.35 207.67,264.69 203.03,262.19 198.33,259.83 193.59,257.64 188.79,255.62 183.98,253.75 179.15,252.06 174.31,250.54 
      169.48,249.18 164.69,247.99 159.92,246.98 155.20,246.12 150.52,245.44 145.92,244.94 141.42,244.59 137.00,244.39 132.67,244.34 128.50,244.48 
      124.41,244.74 120.50,245.16 116.72,245.71 113.10,246.39 109.65,247.20 106.37,248.14 103.27,249.20 100.40,250.36 97.69,251.62 95.21,252.98 
      92.95,254.43 90.90,255.97 89.10,257.55 87.52,259.22 86.16,260.93 85.06,262.69 84.18,264.47 83.56,266.29 83.19,268.14 83.08,269.99 
      83.19,271.83 83.56,273.68 84.18,275.50 85.06,277.30 86.16,279.06 87.52,280.78 89.10,282.42 90.90,284.03 92.95,285.54 95.21,286.99 
      97.69,288.36 100.40,289.63 103.27,290.80 106.37,291.85 109.65,292.77 113.10,293.59 116.72,294.29 120.50,294.84 124.41,295.26 128.50,295.52 
      132.67,295.63 137.00,295.61 141.42,295.41 145.92,295.06 150.52,294.53 155.20,293.85 159.92,293.01 164.69,292.00 169.48,290.82 174.31,289.45 
      179.15,287.94 183.98,286.25 188.79,284.38 193.59,282.36 198.33,280.16 203.03,277.81 207.67,275.30 212.22,272.65 216.70,269.81 221.07,266.87 
      225.34,263.77 229.49,260.52 233.51,257.15 237.38,253.66 241.11,250.06 244.69,246.34 248.12,242.52 251.37,238.59 254.45,234.59 257.33,230.50 
      260.01,226.33 262.52,222.11 264.82,217.82 266.91,213.51 268.80,209.14 270.47,204.75 271.94,200.33 273.17,195.91 274.21,191.50 275.02,187.08 
      275.63,182.69 276.01,178.34 276.18,174.01 276.14,169.72 275.90,165.50 275.46,161.33 274.80,157.24 273.96,153.24 272.93,149.33 271.72,145.51 
      270.32,141.79 268.76,138.19 267.04,134.70 265.15,131.36 263.13,128.13 260.98,125.05 258.69,122.13 256.30,119.36 253.79,116.72 251.18,114.26 
      248.50,111.98 245.73,109.84 242.92,107.89 240.04,106.13 237.14,104.53 234.19,103.12 231.25,101.87 228.28,100.81 225.34,99.96 222.41,99.25 
      219.54,98.75 216.68,98.44 213.91,98.29 211.19,98.31 208.55,98.53 206.02,98.90 203.58,99.45 201.28,100.15 199.08,101.03 197.03,102.07 
      195.12,103.23 193.37,104.55 191.78,106.02 190.38,107.60 189.15,109.34 188.11,111.16 187.28,113.12 186.64,115.16 186.22,117.32 186.00,119.53 
      186.03,121.86 186.27,124.24 186.73,126.68 187.43,129.18 188.36,131.73 189.54,134.30 190.95,136.89 192.60,139.53 194.49,142.15 196.62,144.78 
      198.97,147.40 201.56,149.99 204.40,152.54 207.45,155.07 210.72,157.55 214.24,159.99 217.95,162.34 221.86,164.62 226.00,166.84 230.30,168.97 
      234.81,171.00 239.49,172.91 244.34,174.73 249.35,176.45 254.54,178.03 259.83,179.48 265.28,180.80 270.84,181.98 276.51,183.04 282.29,183.94 
      288.16,184.69 294.09,185.28 300.09,185.72 306.15,186.03 312.24,186.14 318.35,186.11 324.50,185.94 330.63,185.59 336.76,185.06 342.85,184.40 
      348.91,183.57 354.94,182.60 360.91,181.46 366.80,180.18 372.60,178.73 378.31,177.15 383.92,175.44 389.41,173.59 394.77,171.59 399.98,169.48 
      405.06,167.26 409.98,164.91 414.72,162.47 419.32,159.92 423.71,157.29 427.91,154.54 431.93,151.75 435.73,148.87 439.31,145.92 442.70,142.94 
      445.88,139.93 448.81,136.85 451.53,133.75 454.01,130.65 456.28,127.53 458.30,124.41 460.10,121.29 461.66,118.22 463.00,115.16 464.10,112.13 
      464.98,109.16 465.61,106.24 466.03,103.38 466.23,100.62 466.23,97.91 466.01,95.30 465.59,92.79 464.98,90.40 464.16,88.11 463.15,85.94 
      461.99,83.92 460.65,82.00 459.15,80.25 457.53,78.62 455.73,77.17 453.82,75.87 451.79,74.73 449.66,73.76 447.42,72.97 445.09,72.34 
      442.70,71.90 440.24,71.63 437.73,71.55 435.18,71.63 432.61,71.92 430.02,72.38 427.43,73.04 424.83,73.87 422.28,74.91 419.76,76.12 
      417.27,77.50 414.83,79.06 412.48,80.80 410.22,82.71 408.02,84.80 405.96,87.04 403.98,89.43 402.13,91.98 400.44,94.68 398.86,97.54 
      397.45,100.53 396.20,103.63 395.10,106.88 394.20,110.22 393.48,113.67 392.93,117.23 392.58,120.88 392.44,124.61 392.49,128.43 392.77,132.30 
      393.26,136.23 393.94,140.21 394.86,144.23 395.98,148.28 397.34,152.34 398.93,156.43 400.71,160.49 402.73,164.58 404.95,168.62 407.41,172.67 
      410.04,176.64 412.92,180.60 415.98,184.51 419.25,188.33 422.72,192.11 426.35,195.78 430.19,199.39 434.19,202.90 438.35,206.31 442.67,209.60 
      447.16,212.79 451.75,215.87 456.50,218.79 461.35,221.60 466.34,224.26 471.39,226.79 476.56,229.16 481.79,231.38 487.08,233.47 492.44,235.38 
      497.83,237.11 503.26,238.72 508.68,240.15 514.13,241.40 519.56,242.50 524.96,243.44 530.35,244.21 535.69,244.80 540.96,245.24 546.15,245.53 
      551.27,245.66 556.30,245.62 561.22,245.44 566.03,245.11 570.71,244.63 575.26,244.01 579.63,243.27 583.88,242.39 587.94,241.38 591.83,240.26 
      595.52,239.03 599.04,237.69 602.33,236.26 605.43,234.74 608.31,233.16 610.99,231.47 613.41,229.73 615.60,227.95 617.58,226.11 619.32,224.24 
      620.79,222.33 622.04,220.39 623.03,218.44 623.78,216.50 624.28,214.57 624.53,212.64 624.55,210.75 624.31,208.88 623.82,207.05 623.12,205.27 
      622.17,203.56 620.99,201.93 619.58,200.35 617.96,198.88 616.11,197.50 614.07,196.20 611.83,195.04 609.36,193.96 606.75,193.04 603.94,192.22 
      600.97,191.54 597.85,190.99 594.58,190.62 591.17,190.38 587.63,190.29 583.99,190.35 580.23,190.60 576.36,190.99 572.45,191.56 568.45,192.29 
      564.38,193.21 560.30,194.29 556.17,195.56 552.01,196.99 547.84,198.59 543.69,200.37 539.56,202.33 535.45,204.46 531.38,206.75 527.36,209.21 
      523.43,211.82 519.54,214.59 515.76,217.54 512.07,220.61 508.48,223.84 505.03,227.20 501.69,230.70 498.51,234.32 495.45,238.08 492.55,241.95 
      489.83,245.90 487.26,249.97 484.89,254.14 482.69,258.38 480.67,262.71 478.86,267.09 477.24,271.55 475.83,276.03 474.62,280.56 473.64,285.13 
      472.84,289.72 472.27,294.31 471.92,298.93 471.77,303.52 471.83,308.11 472.12,312.66 472.60,317.18 473.31,321.65 474.21,326.08 475.31,330.46 
      476.60,334.74 478.10,338.96 479.77,343.09 481.61,347.11 483.63,351.05 485.83,354.87 488.18,358.58 490.69,362.14 493.32,365.59 496.09,368.91 
      498.97,372.07 501.98,375.08 505.08,377.96 508.27,380.67 511.54,383.19 514.88,385.57 518.26,387.79 521.71,389.81 525.18,391.67 528.68,393.37 
      532.19,394.86 535.69,396.20 539.16,397.34 542.61,398.31 546.04,399.10 549.40,399.72 552.70,400.16 555.90,400.42 559.05,400.51 562.08,400.44 
      565.00,400.20 567.79,399.80 570.45,399.26 572.98,398.55 575.35,397.70 577.57,396.71 579.59,395.59 581.46,394.33 583.13,392.95 584.58,391.48 
      585.85,389.87 586.91,388.18 587.74,386.40 588.36,384.53 588.75,382.60 588.91,380.60 588.84,378.53 588.53,376.43 587.98,374.27 587.17,372.10 
      586.14,369.90 584.86,367.68 583.33,365.46 581.57,363.24 579.55,361.07 577.31,358.89 574.82,356.74 572.10,354.65 569.15,352.61 565.99,350.63 
      562.61,348.69 559.00,346.87 555.20,345.11 551.18,343.44 546.98,341.86 542.61,340.41 538.06,339.05 533.34,337.82 528.46,336.72 523.43,335.73 
      518.28,334.90 512.99,334.19 507.58,333.62 502.09,333.23 496.51,332.96 490.82,332.85 485.08,332.90 479.28,333.12 473.46,333.47 467.57,334.02 
      461.70,334.70 455.79,335.55 449.90,336.57 444.04,337.75 438.21,339.09 432.41,340.56 426.68,342.21 421.01,344.01 415.41,345.97 409.91,348.06 
      404.51,350.30 399.23,352.67 394.07,355.18 389.04,357.79 384.14,360.54 379.41,363.39 374.84,366.36 370.45,369.44 366.21,372.58 362.16,375.83 
      358.32,379.15 354.67,382.53 351.22,385.98 347.97,389.48 344.96,393.04 342.15,396.60 339.55,400.20 337.18,403.83 335.03,407.45 333.12,411.08 
      331.42,414.68 329.95,418.28 328.72,421.84 327.69,425.36 326.90,428.83 326.33,432.26 325.95,435.60 325.80,438.87 325.86,442.08 326.13,445.18 
      326.57,448.17 327.23,451.07 328.04,453.84 329.05,456.50 330.22,459.02 331.56,461.40 333.03,463.66 334.65,465.75 336.39,467.68 338.28,469.46 
      340.26,471.09 342.34,472.54 344.52,473.81 346.76,474.91 349.07,475.83 351.44,476.56 353.86,477.13 356.30,477.50 358.76,477.68 361.22,477.68 
      363.68,477.50 366.12,477.13 368.54,476.56 370.91,475.83 373.22,474.91 375.48,473.81 377.66,472.54 379.74,471.09 381.72,469.46 383.59,467.68 
      385.35,465.75 386.95,463.66 388.44,461.40 389.76,459.02 390.95,456.50 391.94,453.84 392.77,451.07 393.41,448.17 393.87,445.18 394.14,442.08 
      394.18,438.87 394.03,435.60 393.67,432.26 393.08,428.83 392.29,425.36 391.28,421.84 390.03,418.28 388.55,414.68 386.86,411.08 384.95,407.45 
      382.80,403.83 380.45,400.20 377.85,396.60 375.04,393.04 372.01,389.48 368.76,385.98 365.31,382.53 361.66,379.15 357.81,375.83 353.77,372.58 
      349.55,369.44 345.14,366.36 340.56,363.39 335.84,360.54 330.94,357.79 325.93,355.18 320.77,352.67 315.47,350.30 310.07,348.06 304.57,345.97 
      298.99,344.01 293.32,342.21 287.56,340.56 281.79,339.09 275.94,337.75 270.07,336.57 264.19,335.55 258.30,334.70 252.41,334.02 246.54,333.47 
      240.70,333.12 234.89,332.90 229.16,332.85 223.49,332.96 217.89,333.23 212.39,333.62 206.99,334.19 201.72,334.90 196.55,335.73 191.52,336.72 
      186.64,337.82 181.94,339.05 177.37,340.41 173.00,341.86 168.80,343.44 164.80,345.11 160.98,346.87 157.39,348.69 153.99,350.63 150.82,352.61 
      147.88,354.65 145.16,356.74 142.67,358.89 140.43,361.07 138.41,363.24 136.65,365.46 135.14,367.68 133.84,369.90 132.81,372.10 132.02,374.27 
      131.47,376.43 131.14,378.53 131.07,380.60 131.22,382.60 131.62,384.53 132.24,386.40 133.07,388.18 134.13,389.87 135.40,391.48 136.87,392.95 
      138.54,394.33 140.39,395.59 142.43,396.71 144.63,397.70 147.00,398.55 149.53,399.26 152.19,399.80 155.00,400.20 157.92,400.44 160.95,400.51 
      164.07,400.42 167.30,400.16 170.60,399.72 173.96,399.10 177.37,398.31 180.82,397.34 184.31,396.20 187.81,394.86 191.30,393.37 194.79,391.67 
      198.27,389.81 201.72,387.79 205.10,385.57 208.44,383.19 211.71,380.67 214.92,377.96 218.02,375.08 221.01,372.07 223.91,368.91 226.68,365.59 
      229.31,362.14 231.80,358.58 234.15,354.87 236.35,351.05 238.37,347.11 240.21,343.09 241.90,338.96 243.38,334.74 244.67,330.46 245.79,326.08 
      246.69,321.65 247.38,317.18 247.88,312.66 248.14,308.11 248.21,303.52 248.08,298.93 247.71,294.31 247.13,289.72 246.36,285.13 245.35,280.56 
      244.15,276.03 242.74,271.55 241.14,267.09 239.31,262.71 237.31,258.38 235.09,254.14 232.72,249.97 230.15,245.90 227.42,241.95 224.55,238.08 
      221.49,234.32 218.28,230.70 214.97,227.20 211.49,223.84 207.91,220.61 204.22,217.54 200.44,214.59 196.57,211.82 192.62,209.21 188.60,206.75 
      184.53,204.46 180.42,202.33 176.29,200.37 172.14,198.59 167.99,196.99 163.83,195.56 159.70,194.29 155.59,193.21 151.55,192.29 147.55,191.56 
      143.62,190.99 139.77,190.60 136.01,190.35 132.37,190.29 128.83,190.38 125.40,190.62 122.13,190.99 119.01,191.54 116.04,192.22 113.23,193.04 
      110.61,193.96 108.17,195.04 105.91,196.20 103.87,197.50 102.02,198.88 100.40,200.35 98.99,201.93 97.83,203.56 96.86,205.27 96.16,207.05 
      95.67,208.88 95.45,210.75 95.45,212.64 95.72,214.57 96.20,216.50 96.95,218.44 97.96,220.39 99.19,222.33 100.68,224.24 102.40,226.11 
      104.37,227.95 106.57,229.73 109.01,231.47 111.67,233.16 114.55,234.74 117.65,236.26 120.94,237.69 124.46,239.03 128.15,240.26 132.04,241.38 
      136.10,242.39 140.34,243.27 144.74,244.01 149.26,244.63 153.95,245.11 158.76,245.44 163.68,245.62 168.71,245.66 173.83,245.53 179.04,245.24 
      184.31,244.80 189.63,244.21 195.01,243.44 200.42,242.50 205.87,241.40 211.30,240.15 216.74,238.72 222.15,237.11 227.56,235.38 232.90,233.47 
      238.19,231.38 243.42,229.16 248.58,226.79 253.66,224.26 258.63,221.60 263.48,218.79 268.23,215.87 272.84,212.79 277.30,209.60 281.63,206.31 
      285.81,202.90 289.81,199.39 293.63,195.78 297.28,192.11 300.73,188.33 304.00,184.51 307.08,180.60 309.93,176.64 312.59,172.67 315.03,168.62 
      317.25,164.58 319.27,160.49 321.07,156.43 322.63,152.34 324.00,148.28 325.12,144.23 326.04,140.21 326.74,136.23 327.23,132.30 327.49,128.43 
      327.56,124.61 327.40,120.88 327.05,117.23 326.52,113.67 325.80,110.22 324.88,106.88 323.80,103.63 322.52,100.53 321.12,97.54 319.56,94.68 
      317.84,91.98 316.00,89.43 314.04,87.04 311.96,84.80 309.78,82.71 307.49,80.80 305.14,79.06 302.73,77.50 300.24,76.12 297.72,74.91 
      295.15,73.87 292.57,73.04 289.98,72.38 287.39,71.92 284.82,71.63 282.27,71.55 279.74,71.63 277.28,71.90 274.89,72.34 272.58,72.97 
      270.34,73.76 268.18,74.73 266.16,75.87 264.25,77.17 262.47,78.62 260.82,80.25 259.33,82.00 257.99,83.92 256.82,85.94 255.84,88.11 
      255.02,90.40 254.41,92.79 253.97,95.30 253.75,97.91 253.75,100.62 253.95,103.38 254.36,106.24 255.02,109.16 255.90,112.13 257.00,115.16 
      258.32,118.22 259.88,121.29 261.68,124.41 263.70,127.53 265.97,130.65 268.45,133.75 271.17,136.85 274.12,139.93 277.28,142.94 280.67,145.92 
      284.27,148.87 288.07,151.75 292.07,154.54 296.29,157.29 300.68,159.92 305.25,162.47 310.00,164.91 314.92,167.26 320.00,169.48 325.23,171.59 
      330.59,173.59 336.06,175.44 341.69,177.15 347.38,178.73 353.20,180.18 359.09,181.46 365.04,182.60 371.06,183.57 377.13,184.40 383.24,185.06 
      389.37,185.59 395.50,185.94 401.63,186.11 407.74,186.14 413.85,186.03 419.89,185.72 425.89,185.28 431.82,184.69 437.69,183.94 443.47,183.04 
      449.13,181.98 454.69,180.80 460.14,179.48 465.46,178.03 470.62,176.45 475.63,174.73 480.49,172.91 485.17,171.00 489.68,168.97 494.00,166.84 
      498.11,164.62 502.05,162.34 505.76,159.99 509.25,157.55 512.53,155.07 515.58,152.54 518.42,149.99 521.01,147.40 523.38,144.78 525.49,142.15 
      527.38,139.53 529.03,136.89 530.44,134.30 531.62,131.73 532.55,129.18 533.25,126.68 533.73,124.24 533.97,121.86 533.97,119.53 533.78,117.32 
      533.34,115.16 532.72,113.12 531.86,111.16 530.83,109.34 529.60,107.60 528.19,106.02 526.61,104.55 524.88,103.23 522.97,102.07 520.90,101.03 
      518.72,100.15 516.40,99.45 513.96,98.90 511.43,98.53 508.79,98.31 506.09,98.29 503.30,98.44 500.46,98.75 497.56,99.25 494.64,99.96 
      491.70,100.81 488.75,101.87 485.79,103.12 482.86,104.53 479.94,106.13 477.06,107.89 474.25,109.84 471.48,111.98 468.80,114.26 466.21,116.72 
      463.70,119.36 461.29,122.13 459.00,125.05 456.85,128.13 454.83,131.36 452.96,134.70 451.22,138.19 449.66,141.79 448.28,145.51 447.05,149.33 
      446.01,153.24 445.18,157.24 444.52,161.33 444.08,165.50 443.84,169.72 443.80,174.01 443.97,178.34 444.37,182.69 444.96,187.08 445.77,191.50 
      446.81,195.91 448.06,200.33 449.51,204.75 451.18,209.14 453.07,213.51 455.18,217.82 457.46,222.11 459.97,226.33 462.67,230.50 465.55,234.59 
      468.60,238.59 471.86,242.52 475.28,246.34 478.86,250.06 482.60,253.66 486.49,257.15 490.51,260.52 494.64,263.77 498.93,266.87 503.30,269.81 
      507.76,272.65 512.33,275.30 516.97,277.81 521.65,280.16 526.39,282.36 531.18,284.38 536.00,286.25 540.83,287.94 545.66,289.45 550.50,290.82 
      555.31,292.00 560.08,293.01 564.80,293.85 569.46,294.53 574.05,295.06 578.58,295.41 583.00,295.61 587.30,295.63 591.50,295.52 595.57,295.26 
      599.50,294.84 603.28,294.29 606.88,293.59 610.35,292.77 613.63,291.85 616.70,290.80 619.60,289.63 622.28,288.36 624.77,286.99 627.03,285.54 
      629.07,284.03 630.90,282.42 632.48,280.78 633.82,279.06 634.94,277.30 635.80,275.50 636.41,273.68 636.79,271.83 636.92,269.99 "/>
  </g>
</svg>
