<?xml version="1.0" encoding="UTF-8"?>
<!DOCTYPE svg PUBLIC "-//W3C//DTD SVG 1.1//EN"
        "http://www.w3.org/Graphics/SVG/1.1/DTD/svg11.dtd">
<svg
  xmlns="http://www.w3.org/2000/svg"
  xmlns:xlink="http://www.w3.org/1999/xlink"
  version="1.1"
  width="720pt"
  height="540pt"
  viewBox="0 0 720 540"
  >
  <rect
    x="0"
    y="0"
    width="720"
    height="540"
    stroke="none"
    fill="#000000"
    fill-opacity="1.000000"
    />
  <g
    transform="matrix(1 0 0 -1 0 540)"
    >
    <polyline
      stroke-width="1"
      stroke="#FF0000"
      stroke-opacity="1.000000"
      fill="#FF0000"
      fill-opacity="1.000000"
      fill-rule="nonzero"
      points="636.92,269.99 636.90,269.99 636.90,269.99 636.87,269.99 636.85,269.99 636.81,269.99 636.79,269.99 636.72,269.99 636.68,269.99 636.61,269.99 
      636.55,269.99 636.48,269.99 636.39,269.99 636.30,270.01 636.19,270.01 636.08,270.01 635.97,270.01 635.86,270.01 635.73,270.01 635.60,270.01 
      635.45,270.01 635.31,270.01 635.14,270.01 634.99,270.03 634.81,270.03 634.63,270.03 634.46,270.03 634.26,270.03 634.06,270.05 633.84,270.05 
      633.64,270.05 633.43,270.07 633.18,270.07 632.94,270.07 632.70,270.10 632.46,270.10 632.19,270.12 631.93,270.12 631.67,270.12 631.38,270.14 
      631.10,270.14 630.81,270.16 630.50,270.18 630.20,270.18 629.89,270.21 629.56,270.21 629.25,270.23 628.90,270.25 628.57,270.27 628.22,270.27 
      627.87,270.29 627.49,270.32 627.12,270.34 626.75,270.36 626.35,270.38 625.98,270.40 625.58,270.43 625.16,270.45 624.75,270.47 624.33,270.49 
      623.91,270.51 623.47,270.56 623.03,270.58 622.59,270.60 622.13,270.65 621.67,270.67 621.21,270.69 620.72,270.73 620.24,270.76 619.76,270.80 
      619.27,270.82 618.77,270.87 618.26,270.91 617.74,270.95 617.23,270.98 616.70,271.02 616.15,271.06 615.63,271.11 615.08,271.15 614.51,271.19 
      613.96,271.24 613.39,271.28 612.81,271.33 612.22,271.39 611.65,271.44 611.06,271.48 610.44,271.55 609.85,271.59 609.23,271.66 608.60,271.70 
      607.98,271.77 607.34,271.83 606.71,271.88 606.07,271.94 605.41,272.01 604.75,272.07 604.09,272.14 603.41,272.21 602.73,272.27 602.05,272.34 
      601.37,272.40 600.66,272.49 599.96,272.56 599.26,272.62 598.53,272.71 597.81,272.78 597.08,272.86 596.36,272.95 595.61,273.02 594.86,273.11 
      594.11,273.19 593.35,273.28 592.60,273.37 591.83,273.46 591.04,273.55 590.27,273.63 589.48,273.74 588.69,273.83 587.87,273.92 587.08,274.03 
      586.27,274.12 585.46,274.23 584.62,274.34 583.81,274.42 582.97,274.53 582.12,274.64 581.28,274.75 580.43,274.86 579.57,274.97 578.71,275.11 
      577.83,275.22 576.98,275.33 576.10,275.46 575.20,275.57 574.32,275.70 573.42,275.83 572.52,275.94 571.61,276.07 570.69,276.20 569.79,276.34 
      568.87,276.47 567.92,276.60 567.00,276.73 566.05,276.89 565.11,277.02 564.17,277.17 563.22,277.30 562.25,277.46 561.29,277.61 560.32,277.74 
      559.35,277.90 558.36,278.05 557.38,278.20 556.39,278.36 555.40,278.53 554.41,278.69 553.40,278.84 552.39,279.02 551.38,279.17 550.37,279.35 
      549.33,279.52 548.30,279.70 547.27,279.87 546.23,280.05 545.20,280.23 544.15,280.40 543.09,280.58 542.04,280.75 540.98,280.95 539.93,281.13 
      538.85,281.32 537.78,281.52 536.70,281.72 535.62,281.90 534.52,282.09 533.45,282.29 532.35,282.51 531.25,282.71 530.15,282.91 529.03,283.13 
      527.91,283.32 526.81,283.54 525.69,283.74 524.57,283.96 523.43,284.18 522.31,284.40 521.16,284.62 520.02,284.84 518.88,285.08 517.74,285.30 
      516.57,285.52 515.43,285.76 514.26,286.00 513.10,286.22 511.93,286.47 510.77,286.71 509.58,286.95 508.42,287.19 507.23,287.43 506.05,287.70 
      504.86,287.94 503.67,288.20 502.46,288.44 501.28,288.71 500.07,288.97 498.86,289.21 497.65,289.48 496.44,289.74 495.23,290.00 494.00,290.29 
      492.80,290.55 491.57,290.82 490.33,291.10 489.10,291.39 487.87,291.65 486.64,291.94 485.39,292.22 484.16,292.51 482.91,292.79 481.66,293.08 
      480.40,293.39 479.15,293.67 477.90,293.96 476.65,294.27 475.37,294.57 474.12,294.86 472.84,295.17 471.57,295.48 470.30,295.78 469.02,296.09 
      467.75,296.42 466.47,296.73 465.20,297.04 463.90,297.37 462.63,297.69 461.33,298.00 460.03,298.33 458.74,298.66 457.44,298.99 456.14,299.32 
      454.85,299.65 453.55,299.98 452.23,300.33 450.94,300.66 449.62,301.01 448.32,301.36 447.00,301.69 445.68,302.05 444.37,302.40 443.07,302.75 
      441.73,303.10 440.41,303.45 439.09,303.83 437.77,304.18 436.46,304.55 435.12,304.90 433.80,305.28 432.46,305.65 431.14,306.00 429.80,306.37 
      428.46,306.75 427.12,307.14 425.78,307.52 424.44,307.89 423.10,308.26 421.76,308.66 420.42,309.05 419.08,309.43 417.73,309.82 416.39,310.22 
      415.03,310.61 413.69,311.01 412.35,311.41 410.99,311.80 409.65,312.20 408.29,312.61 406.95,313.01 405.58,313.43 404.24,313.82 402.88,314.24 
      401.52,314.66 400.18,315.08 398.82,315.49 397.45,315.91 396.09,316.33 394.75,316.75 393.39,317.18 392.03,317.60 390.66,318.02 389.30,318.46 
      387.94,318.90 386.58,319.32 385.21,319.76 383.87,320.20 382.51,320.63 381.15,321.07 379.79,321.51 378.42,321.98 377.06,322.41 375.70,322.85 
      374.34,323.32 372.98,323.75 371.61,324.22 370.25,324.68 368.89,325.12 367.53,325.58 366.16,326.04 364.82,326.50 363.46,326.96 362.10,327.42 
      360.74,327.91 359.37,328.37 358.01,328.83 356.67,329.31 355.31,329.78 353.95,330.26 352.58,330.72 351.24,331.20 349.88,331.69 348.54,332.17 
      347.18,332.65 345.82,333.14 344.48,333.62 343.11,334.10 341.77,334.59 340.43,335.09 339.07,335.58 337.73,336.06 336.39,336.57 335.05,337.05 
      333.69,337.55 332.35,338.06 331.01,338.54 329.67,339.05 328.33,339.55 326.99,340.06 325.67,340.56 324.33,341.07 322.99,341.58 321.65,342.08 
      320.33,342.61 318.99,343.11 317.67,343.62 316.33,344.15 315.01,344.65 313.69,345.18 312.37,345.68 311.05,346.21 309.74,346.72 308.42,347.24 
      307.10,347.77 305.78,348.30 304.46,348.83 303.17,349.35 301.85,349.88 300.55,350.41 299.23,350.94 297.94,351.46 296.64,351.99 295.34,352.52 
      294.05,353.07 292.75,353.59 291.45,354.12 290.16,354.67 288.88,355.20 287.59,355.75 286.31,356.28 285.02,356.82 283.74,357.35 282.47,357.90 
      281.19,358.45 279.92,359.00 278.64,359.53 277.39,360.08 276.12,360.63 274.86,361.18 273.59,361.72 272.34,362.27 271.08,362.82 269.83,363.37 
      268.58,363.92 267.33,364.47 266.10,365.02 264.84,365.57 263.61,366.12 262.38,366.69 261.13,367.24 259.90,367.79 258.69,368.34 257.46,368.91 
      256.23,369.46 255.02,370.01 253.79,370.58 252.58,371.13 251.37,371.70 250.17,372.25 248.96,372.82 247.77,373.37 246.56,373.94 245.38,374.49 
      244.19,375.06 243.00,375.61 241.82,376.18 240.63,376.73 239.44,377.30 238.28,377.88 237.09,378.42 235.93,379.00 234.76,379.57 233.60,380.12 
      232.46,380.69 231.29,381.26 230.15,381.81 228.98,382.38 227.84,382.95 226.70,383.50 225.56,384.07 224.44,384.64 223.29,385.21 222.17,385.76 
      221.05,386.34 219.93,386.91 218.81,387.46 217.71,388.03 216.59,388.60 215.49,389.17 214.39,389.72 213.30,390.29 212.20,390.86 211.10,391.41 
      210.02,391.98 208.94,392.55 207.87,393.10 206.79,393.67 205.71,394.25 204.66,394.79 203.58,395.37 202.53,395.92 201.47,396.49 200.42,397.06 
      199.39,397.61 198.33,398.18 197.30,398.73 196.27,399.30 195.23,399.85 194.20,400.42 193.19,400.97 192.18,401.52 191.15,402.09 190.16,402.64 
      189.15,403.19 188.14,403.76 187.15,404.31 186.16,404.86 185.17,405.41 184.18,405.98 183.21,406.53 182.22,407.08 181.26,407.63 180.29,408.18 
      179.32,408.73 178.38,409.28 177.41,409.82 176.47,410.37 175.52,410.92 174.58,411.47 173.66,412.00 172.73,412.55 171.79,413.10 170.86,413.65 
      169.96,414.18 169.04,414.72 168.14,415.25 167.24,415.80 166.34,416.33 165.44,416.88 164.56,417.41 163.66,417.93 162.78,418.48 161.90,419.01 
      161.04,419.54 160.16,420.06 159.31,420.59 158.45,421.12 157.59,421.65 156.76,422.17 155.90,422.70 155.07,423.21 154.23,423.73 153.42,424.26 
      152.58,424.77 151.77,425.29 150.96,425.80 150.14,426.30 149.33,426.83 148.54,427.34 147.75,427.84 146.96,428.35 146.17,428.85 145.40,429.36 
      144.61,429.86 143.84,430.37 143.07,430.87 142.32,431.36 141.55,431.86 140.81,432.37 140.06,432.85 139.31,433.34 138.59,433.84 137.86,434.32 
      137.11,434.81 136.41,435.29 135.69,435.78 134.98,436.26 134.26,436.74 133.55,437.20 132.87,437.69 132.17,438.17 131.49,438.63 130.81,439.11 
      130.13,439.58 129.44,440.04 128.79,440.50 128.13,440.96 127.47,441.42 126.81,441.88 126.17,442.35 125.53,442.78 124.90,443.25 124.26,443.69 
      123.62,444.15 123.01,444.59 122.39,445.03 121.78,445.47 121.16,445.90 120.57,446.34 119.97,446.78 119.38,447.20 118.79,447.64 118.22,448.06 
      117.62,448.50 117.05,448.92 116.48,449.33 115.93,449.75 115.36,450.17 114.81,450.59 114.26,450.98 113.73,451.40 113.18,451.79 112.66,452.21 
      112.13,452.61 111.60,453.00 111.10,453.40 110.57,453.79 110.06,454.19 109.56,454.56 109.08,454.96 108.57,455.33 108.09,455.70 107.60,456.10 
      107.14,456.47 106.66,456.83 106.20,457.20 105.74,457.57 105.27,457.92 104.81,458.30 104.37,458.65 103.93,459.00 103.49,459.35 103.05,459.70 
      102.64,460.06 102.20,460.41 101.78,460.74 101.38,461.07 100.97,461.42 100.57,461.75 100.18,462.08 99.78,462.41 99.39,462.71 98.99,463.04 
      98.62,463.35 98.24,463.68 97.87,463.99 97.52,464.30 97.14,464.58 96.79,464.89 96.44,465.20 96.11,465.48 95.76,465.77 95.43,466.08 
      95.10,466.36 94.77,466.63 94.44,466.91 94.13,467.20 93.83,467.46 93.52,467.72 93.21,468.01 92.93,468.25 92.62,468.52 92.33,468.78 
      92.05,469.02 91.78,469.28 91.50,469.53 91.23,469.77 90.97,470.01 90.71,470.25 90.44,470.47 90.20,470.71 89.96,470.93 89.72,471.15 
      89.48,471.37 89.23,471.59 89.01,471.79 88.79,472.01 88.57,472.21 88.35,472.40 88.16,472.60 87.94,472.80 87.74,473.00 87.54,473.17 
      87.37,473.37 87.17,473.55 86.99,473.72 86.82,473.90 86.64,474.05 86.47,474.23 86.29,474.38 86.14,474.54 85.98,474.69 85.83,474.84 
      85.67,475.00 85.54,475.13 85.39,475.28 85.26,475.41 85.12,475.55 84.99,475.66 84.88,475.79 84.75,475.92 84.64,476.03 84.53,476.14 
      84.42,476.25 84.33,476.36 84.22,476.45 84.14,476.56 84.05,476.65 83.96,476.73 83.87,476.82 83.81,476.89 83.74,476.98 83.65,477.04 
      83.59,477.11 83.54,477.17 83.48,477.24 83.43,477.30 83.37,477.35 83.32,477.39 83.28,477.44 83.26,477.48 83.21,477.52 83.19,477.57 
      83.15,477.59 83.13,477.61 83.13,477.63 83.10,477.66 83.08,477.66 83.08,477.68 83.08,477.68 83.08,477.68 83.08,477.68 83.08,477.66 
      83.10,477.66 83.10,477.63 83.13,477.61 83.15,477.59 83.17,477.57 83.19,477.52 83.23,477.50 83.26,477.46 83.30,477.41 83.34,477.37 
      83.39,477.30 83.43,477.26 83.50,477.19 83.54,477.13 83.61,477.06 83.67,476.98 83.74,476.91 83.81,476.82 83.87,476.73 83.94,476.65 
      84.03,476.56 84.11,476.45 84.18,476.34 84.27,476.23 84.36,476.12 84.47,476.01 84.55,475.88 84.66,475.77 84.75,475.63 84.86,475.50 
      84.97,475.37 85.08,475.22 85.19,475.06 85.32,474.93 85.43,474.78 85.56,474.60 85.67,474.45 85.81,474.27 85.94,474.10 86.07,473.92 
      86.22,473.74 86.36,473.57 86.49,473.37 86.64,473.17 86.79,472.98 86.93,472.78 87.08,472.58 87.23,472.36 87.41,472.14 87.56,471.92 
      87.72,471.70 87.89,471.48 88.05,471.24 88.22,471.00 88.40,470.76 88.57,470.51 88.75,470.27 88.93,470.01 89.10,469.75 89.30,469.48 
      89.48,469.22 89.67,468.95 89.85,468.67 90.05,468.41 90.24,468.12 90.44,467.83 90.64,467.53 90.84,467.24 91.04,466.93 91.26,466.63 
      91.45,466.32 91.67,466.01 91.87,465.68 92.09,465.35 92.31,465.04 92.53,464.69 92.75,464.36 92.97,464.03 93.19,463.68 93.41,463.33 
      93.63,462.98 93.87,462.63 94.09,462.25 94.31,461.90 94.55,461.53 94.79,461.15 95.01,460.78 95.25,460.39 95.50,460.01 95.74,459.62 
      95.98,459.22 96.22,458.83 96.46,458.41 96.70,458.01 96.97,457.59 97.21,457.18 97.45,456.76 97.72,456.32 97.96,455.90 98.22,455.46 
      98.46,455.02 98.73,454.58 98.99,454.14 99.25,453.68 99.50,453.24 99.76,452.78 100.02,452.32 100.29,451.86 100.55,451.38 100.81,450.89 
      101.08,450.43 101.36,449.95 101.63,449.44 101.89,448.96 102.15,448.48 102.44,447.97 102.70,447.46 102.97,446.96 103.25,446.45 103.52,445.93 
      103.80,445.40 104.07,444.89 104.35,444.37 104.64,443.82 104.90,443.29 105.19,442.74 105.45,442.21 105.74,441.66 106.02,441.11 106.31,440.54 
      106.57,439.99 106.86,439.42 107.14,438.85 107.43,438.28 107.71,437.71 108.00,437.14 108.26,436.54 108.55,435.97 108.83,435.38 109.12,434.79 
      109.41,434.17 109.69,433.58 109.98,432.96 110.26,432.37 110.55,431.75 110.83,431.14 111.12,430.50 111.40,429.89 111.69,429.25 111.98,428.63 
      112.26,428.00 112.55,427.36 112.83,426.70 113.12,426.06 113.40,425.40 113.69,424.74 113.98,424.09 114.26,423.43 114.55,422.77 114.83,422.11 
      115.12,421.43 115.38,420.75 115.67,420.06 115.95,419.38 116.24,418.70 116.52,418.02 116.81,417.32 117.10,416.61 117.36,415.91 117.65,415.21 
      117.93,414.50 118.22,413.80 118.50,413.08 118.77,412.37 119.05,411.65 119.34,410.92 119.60,410.20 119.89,409.45 120.15,408.73 120.44,407.98 
      120.70,407.25 120.99,406.51 121.25,405.76 121.53,405.01 121.80,404.24 122.06,403.50 122.35,402.73 122.61,401.96 122.87,401.21 123.14,400.42 
      123.42,399.65 123.69,398.88 123.95,398.11 124.22,397.32 124.48,396.53 124.74,395.74 125.01,394.95 125.25,394.16 125.51,393.37 125.78,392.55 
      126.04,391.76 126.28,390.95 126.54,390.14 126.81,389.32 127.05,388.51 127.29,387.70 127.56,386.88 127.80,386.05 128.04,385.24 128.30,384.40 
      128.54,383.57 128.79,382.73 129.03,381.90 129.27,381.06 129.51,380.20 129.75,379.37 129.99,378.51 130.21,377.68 130.46,376.82 130.70,375.96 
      130.92,375.11 131.16,374.25 131.38,373.37 131.60,372.51 131.84,371.63 132.06,370.78 132.28,369.90 132.50,369.02 132.72,368.14 132.94,367.26 
      133.16,366.38 133.38,365.50 133.58,364.60 133.80,363.72 133.99,362.82 134.21,361.94 134.41,361.04 134.63,360.14 134.83,359.24 135.03,358.34 
      135.22,357.44 135.42,356.52 135.62,355.62 135.82,354.69 136.01,353.79 136.19,352.87 136.39,351.95 136.56,351.02 136.76,350.10 136.94,349.18 
      137.11,348.26 137.31,347.33 137.49,346.41 137.66,345.46 137.82,344.54 137.99,343.60 138.17,342.67 138.34,341.73 138.50,340.78 138.67,339.84 
      138.83,338.89 138.98,337.95 139.14,337.00 139.29,336.06 139.44,335.12 139.60,334.17 139.75,333.20 139.90,332.26 140.04,331.29 140.19,330.35 
      140.32,329.38 140.48,328.41 140.61,327.45 140.74,326.48 140.87,325.53 141.00,324.57 141.13,323.58 141.24,322.61 141.38,321.65 141.51,320.68 
      141.62,319.71 141.73,318.72 141.86,317.76 141.97,316.77 142.08,315.80 142.19,314.81 142.28,313.85 142.39,312.86 142.50,311.87 142.58,310.90 
      142.69,309.91 142.78,308.92 142.87,307.93 142.96,306.95 143.05,305.96 143.13,304.97 143.22,303.98 143.29,302.99 143.38,302.00 143.44,301.01 
      143.53,300.02 143.60,299.01 143.66,298.02 143.73,297.04 143.79,296.05 143.86,295.04 143.93,294.05 143.97,293.04 144.04,292.05 144.08,291.06 
      144.12,290.05 144.17,289.06 144.21,288.05 144.25,287.06 144.30,286.05 144.34,285.04 144.36,284.05 144.41,283.04 144.43,282.05 144.47,281.04 
      144.50,280.03 144.52,279.04 144.54,278.03 144.56,277.02 144.56,276.03 144.58,275.02 144.58,274.01 144.61,273.00 144.61,272.01 144.61,271.00 
      144.61,269.99 144.61,269.00 144.61,267.99 144.61,266.98 144.58,265.97 144.58,264.98 144.56,263.97 144.56,262.95 144.54,261.97 144.52,260.96 
      144.50,259.94 144.47,258.96 144.43,257.94 144.41,256.93 144.36,255.95 144.34,254.93 144.30,253.95 144.25,252.93 144.21,251.92 144.17,250.94 
      144.12,249.92 144.08,248.94 144.04,247.93 143.97,246.94 143.93,245.95 143.86,244.94 143.79,243.95 143.73,242.96 143.66,241.95 143.60,240.96 
      143.53,239.97 143.44,238.98 143.38,237.97 143.29,236.98 143.22,235.99 143.13,235.00 143.05,234.02 142.96,233.03 142.87,232.04 142.78,231.05 
      142.69,230.08 142.58,229.09 142.50,228.11 142.39,227.12 142.28,226.15 142.19,225.16 142.08,224.19 141.97,223.21 141.86,222.24 141.73,221.25 
      141.62,220.28 141.51,219.32 141.38,218.33 141.24,217.36 141.13,216.39 141.00,215.43 140.87,214.46 140.74,213.49 140.61,212.53 140.48,211.56 
      140.32,210.61 140.19,209.65 140.04,208.68 139.90,207.74 139.75,206.77 139.60,205.82 139.44,204.88 139.29,203.91 139.14,202.97 138.98,202.02 
      138.83,201.08 138.67,200.13 138.50,199.19 138.34,198.24 138.17,197.32 137.99,196.38 137.82,195.45 137.66,194.51 137.49,193.59 137.31,192.64 
      137.11,191.72 136.94,190.79 136.76,189.87 136.56,188.95 136.39,188.03 136.19,187.10 136.01,186.20 135.82,185.28 135.62,184.38 135.42,183.46 
      135.22,182.55 135.03,181.65 134.83,180.75 134.63,179.85 134.41,178.95 134.21,178.05 133.99,177.15 133.80,176.27 133.58,175.37 133.38,174.49 
      133.16,173.61 132.94,172.71 132.72,171.83 132.50,170.95 132.28,170.07 132.06,169.22 131.84,168.34 131.60,167.48 131.38,166.60 131.16,165.74 
      130.92,164.89 130.70,164.03 130.46,163.17 130.21,162.32 129.99,161.46 129.75,160.63 129.51,159.77 129.27,158.93 129.03,158.10 128.79,157.24 
      128.54,156.41 128.30,155.59 128.04,154.76 127.80,153.92 127.56,153.11 127.29,152.28 127.05,151.46 126.81,150.65 126.54,149.84 126.28,149.02 
      126.04,148.23 125.78,147.42 125.51,146.63 125.25,145.81 125.01,145.02 124.74,144.23 124.48,143.44 124.22,142.67 123.95,141.88 123.69,141.11 
      123.42,140.32 123.14,139.55 122.87,138.78 122.61,138.01 122.35,137.25 122.06,136.50 121.80,135.73 121.53,134.98 121.25,134.24 120.99,133.49 
      120.70,132.74 120.44,131.99 120.15,131.27 119.89,130.52 119.60,129.80 119.34,129.07 119.05,128.35 118.77,127.62 118.50,126.90 118.22,126.19 
      117.93,125.47 117.65,124.76 117.36,124.06 117.10,123.36 116.81,122.68 116.52,121.97 116.24,121.29 115.95,120.59 115.67,119.91 115.38,119.23 
      115.12,118.57 114.83,117.89 114.55,117.21 114.26,116.55 113.98,115.89 113.69,115.23 113.40,114.57 113.12,113.93 112.83,113.27 112.55,112.64 
      112.26,112.00 111.98,111.36 111.69,110.72 111.40,110.11 111.12,109.47 110.83,108.86 110.55,108.24 110.26,107.63 109.98,107.01 109.69,106.39 
      109.41,105.80 109.12,105.21 108.83,104.62 108.55,104.02 108.26,103.43 108.00,102.86 107.71,102.26 107.43,101.69 107.14,101.12 106.86,100.55 
      106.57,100.00 106.31,99.43 106.02,98.88 105.74,98.33 105.45,97.78 105.19,97.23 104.90,96.70 104.64,96.16 104.35,95.63 104.07,95.10 
      103.80,94.57 103.52,94.05 103.25,93.54 102.97,93.04 102.70,92.53 102.44,92.02 102.15,91.52 101.89,91.01 101.63,90.53 101.36,90.05 
      101.08,89.56 100.81,89.08 100.55,88.60 100.29,88.14 100.02,87.67 99.76,87.21 99.50,86.75 99.25,86.29 98.99,85.85 98.73,85.39 
      98.46,84.95 98.22,84.51 97.96,84.09 97.72,83.65 97.45,83.23 97.21,82.82 96.97,82.40 96.70,81.98 96.46,81.56 96.22,81.17 
      95.98,80.77 95.74,80.38 95.50,79.98 95.25,79.59 95.01,79.21 94.79,78.84 94.55,78.47 94.31,78.09 94.09,77.72 93.87,77.37 
      93.63,76.99 93.41,76.64 93.19,76.29 92.97,75.96 92.75,75.61 92.53,75.28 92.31,74.95 92.09,74.62 91.87,74.29 91.67,73.98 
      91.45,73.68 91.26,73.35 91.04,73.04 90.84,72.75 90.64,72.45 90.44,72.16 90.24,71.87 90.05,71.59 89.85,71.30 89.67,71.04 
      89.48,70.75 89.30,70.49 89.10,70.23 88.93,69.96 88.75,69.72 88.57,69.46 88.40,69.22 88.22,68.97 88.05,68.73 87.89,68.51 
      87.72,68.27 87.56,68.05 87.41,67.83 87.23,67.63 87.08,67.41 86.93,67.22 86.79,67.00 86.64,66.80 86.49,66.60 86.36,66.43 
      86.22,66.23 86.07,66.05 85.94,65.88 85.81,65.70 85.67,65.55 85.56,65.37 85.43,65.22 85.32,65.06 85.19,64.91 85.08,64.76 
      84.97,64.62 84.86,64.49 84.75,64.36 84.66,64.23 84.55,64.10 84.47,63.99 84.36,63.85 84.27,63.74 84.18,63.63 84.11,63.52 
      84.03,63.44 83.94,63.35 83.87,63.24 83.81,63.17 83.74,63.09 83.67,63.00 83.61,62.93 83.54,62.87 83.50,62.80 83.43,62.73 
      83.39,62.67 83.34,62.62 83.30,62.58 83.26,62.54 83.23,62.49 83.19,62.45 83.17,62.43 83.15,62.38 83.13,62.36 83.10,62.34 
      83.10,62.34 83.08,62.32 83.08,62.32 83.08,62.32 83.08,62.32 83.08,62.32 83.08,62.32 83.10,62.34 83.13,62.36 83.13,62.36 
      83.15,62.40 83.19,62.43 83.21,62.45 83.26,62.49 83.28,62.54 83.32,62.58 83.37,62.62 83.43,62.69 83.48,62.73 83.54,62.80 
      83.59,62.87 83.65,62.93 83.74,63.02 83.81,63.09 83.87,63.17 83.96,63.26 84.05,63.35 84.14,63.44 84.22,63.52 84.33,63.63 
      84.42,63.74 84.53,63.85 84.64,63.96 84.75,64.07 84.88,64.18 84.99,64.32 85.12,64.45 85.26,64.58 85.39,64.71 85.54,64.84 
      85.67,65.00 85.83,65.13 85.98,65.28 86.14,65.44 86.29,65.59 86.47,65.77 86.64,65.92 86.82,66.10 86.99,66.27 87.17,66.45 
      87.37,66.62 87.54,66.80 87.74,67.00 87.94,67.17 88.16,67.37 88.35,67.57 88.57,67.77 88.79,67.99 89.01,68.18 89.23,68.40 
      89.48,68.62 89.72,68.82 89.96,69.06 90.20,69.28 90.44,69.50 90.71,69.74 90.97,69.99 91.23,70.20 91.50,70.47 91.78,70.71 
      92.05,70.95 92.33,71.22 92.62,71.46 92.93,71.72 93.21,71.98 93.52,72.25 93.83,72.51 94.13,72.80 94.44,73.06 94.77,73.35 
      95.10,73.63 95.43,73.92 95.76,74.20 96.11,74.49 96.44,74.80 96.79,75.08 97.14,75.39 97.52,75.70 97.87,76.01 98.24,76.31 
      98.62,76.62 98.99,76.95 99.39,77.26 99.78,77.59 100.18,77.92 100.57,78.25 100.97,78.58 101.38,78.91 101.78,79.24 102.20,79.59 
      102.64,79.94 103.05,80.27 103.49,80.62 103.93,80.97 104.37,81.32 104.81,81.70 105.27,82.05 105.74,82.42 106.20,82.77 106.66,83.15 
      107.14,83.52 107.60,83.89 108.09,84.27 108.57,84.64 109.08,85.04 109.56,85.41 110.06,85.81 110.57,86.20 111.10,86.60 111.60,86.99 
      112.13,87.39 112.66,87.78 113.18,88.18 113.73,88.60 114.26,88.99 114.81,89.41 115.36,89.83 115.93,90.24 116.48,90.66 117.05,91.08 
      117.62,91.50 118.22,91.91 118.79,92.35 119.38,92.77 119.97,93.21 120.57,93.65 121.16,94.07 121.78,94.51 122.39,94.95 123.01,95.41 
      123.62,95.85 124.26,96.29 124.90,96.75 125.53,97.19 126.17,97.65 126.81,98.11 127.47,98.55 128.13,99.01 128.79,99.47 129.44,99.93 
      130.13,100.42 130.81,100.88 131.49,101.34 132.17,101.82 132.87,102.29 133.55,102.77 134.26,103.25 134.98,103.74 135.69,104.20 136.41,104.68 
      137.11,105.16 137.86,105.67 138.59,106.15 139.31,106.64 140.06,107.12 140.81,107.63 141.55,108.11 142.32,108.61 143.07,109.12 143.84,109.60 
      144.61,110.11 145.40,110.61 146.17,111.12 146.96,111.62 147.75,112.13 148.54,112.64 149.33,113.16 150.14,113.67 150.96,114.17 151.77,114.70 
      152.58,115.21 153.42,115.73 154.23,116.26 155.07,116.77 155.90,117.29 156.76,117.82 157.59,118.35 158.45,118.88 159.31,119.38 160.16,119.93 
      161.04,120.46 161.90,120.99 162.78,121.51 163.66,122.04 164.56,122.57 165.44,123.12 166.34,123.64 167.24,124.19 168.14,124.72 169.04,125.27 
      169.96,125.80 170.86,126.35 171.79,126.90 172.73,127.42 173.66,127.97 174.58,128.52 175.52,129.07 176.47,129.62 177.41,130.15 178.38,130.70 
      179.32,131.25 180.29,131.80 181.26,132.35 182.22,132.92 183.21,133.47 184.18,134.02 185.17,134.56 186.16,135.11 187.15,135.66 188.14,136.23 
      189.15,136.78 190.16,137.33 191.15,137.90 192.18,138.45 193.19,139.03 194.20,139.57 195.23,140.12 196.27,140.70 197.30,141.24 198.33,141.82 
      199.39,142.37 200.42,142.94 201.47,143.51 202.53,144.06 203.58,144.63 204.66,145.18 205.71,145.75 206.79,146.32 207.87,146.87 208.94,147.44 
      210.02,148.01 211.10,148.56 212.20,149.13 213.30,149.70 214.39,150.25 215.49,150.82 216.59,151.40 217.71,151.95 218.81,152.52 219.93,153.09 
      221.05,153.64 222.17,154.21 223.29,154.78 224.44,155.35 225.56,155.90 226.70,156.47 227.84,157.04 228.98,157.59 230.15,158.16 231.29,158.74 
      232.46,159.31 233.60,159.86 234.76,160.43 235.93,161.00 237.09,161.55 238.28,162.12 239.44,162.67 240.63,163.24 241.82,163.81 243.00,164.36 
      244.19,164.93 245.38,165.48 246.56,166.05 247.77,166.60 248.96,167.17 250.17,167.72 251.37,168.29 252.58,168.84 253.79,169.41 255.02,169.96 
      256.23,170.51 257.46,171.08 258.69,171.63 259.90,172.18 261.13,172.75 262.38,173.30 263.61,173.85 264.84,174.40 266.10,174.95 267.33,175.52 
      268.58,176.07 269.83,176.62 271.08,177.17 272.34,177.72 273.59,178.27 274.86,178.82 276.12,179.35 277.39,179.90 278.64,180.44 279.92,180.99 
      281.19,181.54 282.47,182.07 283.74,182.62 285.02,183.17 286.31,183.70 287.59,184.25 288.88,184.77 290.16,185.32 291.45,185.85 292.75,186.40 
      294.05,186.93 295.34,187.45 296.64,187.98 297.94,188.53 299.23,189.06 300.55,189.59 301.85,190.11 303.17,190.64 304.46,191.17 305.78,191.70 
      307.10,192.22 308.42,192.73 309.74,193.26 311.05,193.78 312.37,194.29 313.69,194.82 315.01,195.32 316.33,195.85 317.67,196.35 318.99,196.88 
      320.33,197.39 321.65,197.89 322.99,198.40 324.33,198.90 325.67,199.41 326.99,199.91 328.33,200.42 329.67,200.92 331.01,201.43 332.35,201.93 
      333.69,202.44 335.05,202.92 336.39,203.43 337.73,203.91 339.07,204.42 340.43,204.90 341.77,205.38 343.11,205.87 344.48,206.37 345.82,206.86 
      347.18,207.34 348.54,207.82 349.88,208.31 351.24,208.77 352.58,209.25 353.95,209.74 355.31,210.20 356.67,210.68 358.01,211.14 359.37,211.63 
      360.74,212.09 362.10,212.55 363.46,213.01 364.82,213.47 366.16,213.93 367.53,214.39 368.89,214.86 370.25,215.32 371.61,215.78 372.98,216.22 
      374.34,216.68 375.70,217.12 377.06,217.58 378.42,218.02 379.79,218.46 381.15,218.90 382.51,219.34 383.87,219.78 385.21,220.22 386.58,220.66 
      387.94,221.10 389.30,221.51 390.66,221.95 392.03,222.39 393.39,222.81 394.75,223.23 396.09,223.64 397.45,224.08 398.82,224.50 400.18,224.92 
      401.52,225.34 402.88,225.73 404.24,226.15 405.58,226.57 406.95,226.96 408.29,227.38 409.65,227.78 410.99,228.17 412.35,228.59 413.69,228.98 
      415.03,229.38 416.39,229.78 417.73,230.17 419.08,230.54 420.42,230.94 421.76,231.34 423.10,231.71 424.44,232.08 425.78,232.48 427.12,232.85 
      428.46,233.22 429.80,233.60 431.14,233.97 432.46,234.35 433.80,234.72 435.12,235.07 436.46,235.44 437.77,235.80 439.09,236.17 440.41,236.52 
      441.73,236.87 443.07,237.22 444.37,237.58 445.68,237.93 447.00,238.28 448.32,238.63 449.62,238.98 450.94,239.31 452.23,239.66 453.55,239.99 
      454.85,240.32 456.14,240.65 457.44,241.00 458.74,241.33 460.03,241.64 461.33,241.97 462.63,242.30 463.90,242.63 465.20,242.94 466.47,243.27 
      467.75,243.57 469.02,243.88 470.30,244.19 471.57,244.50 472.84,244.80 474.12,245.11 475.37,245.42 476.65,245.73 477.90,246.01 479.15,246.32 
      480.40,246.61 481.66,246.89 482.91,247.18 484.16,247.46 485.39,247.75 486.64,248.03 487.87,248.32 489.10,248.61 490.33,248.89 491.57,249.16 
      492.80,249.42 494.00,249.70 495.23,249.97 496.44,250.23 497.65,250.50 498.86,250.76 500.07,251.02 501.28,251.29 502.46,251.53 503.67,251.79 
      504.86,252.03 506.05,252.30 507.23,252.54 508.42,252.78 509.58,253.02 510.77,253.26 511.93,253.51 513.10,253.75 514.26,253.99 515.43,254.23 
      516.57,254.45 517.74,254.69 518.88,254.91 520.02,255.13 521.16,255.35 522.31,255.57 523.43,255.79 524.57,256.01 525.69,256.23 526.81,256.45 
      527.91,256.65 529.03,256.87 530.15,257.07 531.25,257.29 532.35,257.48 533.45,257.68 534.52,257.88 535.62,258.08 536.70,258.27 537.78,258.47 
      538.85,258.65 539.93,258.85 540.98,259.04 542.04,259.22 543.09,259.40 544.15,259.59 545.20,259.77 546.23,259.94 547.27,260.12 548.30,260.30 
      549.33,260.47 550.37,260.63 551.38,260.80 552.39,260.98 553.40,261.13 554.41,261.31 555.40,261.46 556.39,261.61 557.38,261.77 558.36,261.92 
      559.35,262.08 560.32,262.23 561.29,262.38 562.25,262.54 563.22,262.67 564.17,262.82 565.11,262.95 566.05,263.11 567.00,263.24 567.92,263.37 
      568.87,263.50 569.79,263.64 570.69,263.77 571.61,263.90 572.52,264.03 573.42,264.16 574.32,264.30 575.20,264.41 576.10,264.54 576.98,264.65 
      577.83,264.78 578.71,264.89 579.57,265.00 580.43,265.11 581.28,265.22 582.12,265.33 582.97,265.44 583.81,265.55 584.62,265.66 585.46,265.77 
      586.27,265.86 587.08,265.97 587.87,266.05 588.69,266.16 589.48,266.25 590.27,266.34 591.04,266.43 591.83,266.54 592.60,266.62 593.35,266.71 
      594.11,266.80 594.86,266.87 595.61,266.95 596.36,267.04 597.08,267.13 597.81,267.20 598.53,267.28 599.26,267.35 599.96,267.44 600.66,267.50 
      601.37,267.57 602.05,267.64 602.73,267.72 603.41,267.79 604.09,267.85 604.75,267.92 605.41,267.99 606.07,268.03 606.71,268.10 607.34,268.16 
      607.98,268.23 608.60,268.27 609.23,268.34 609.85,268.38 610.44,268.45 611.06,268.49 611.65,268.56 612.22,268.60 612.81,268.65 613.39,268.69 
      613.96,268.73 614.51,268.78 615.08,268.84 615.63,268.89 616.15,268.91 616.70,268.95 617.23,269.00 617.74,269.04 618.26,269.09 618.77,269.11 
      619.27,269.15 619.76,269.20 620.24,269.22 620.72,269.26 621.21,269.28 621.67,269.33 622.13,269.35 622.59,269.37 623.03,269.41 623.47,269.44 
      623.91,269.46 624.33,269.48 624.75,269.50 625.16,269.55 625.58,269.57 625.98,269.59 626.35,269.61 626.75,269.63 627.12,269.63 627.49,269.66 
      627.87,269.68 628.22,269.70 628.57,269.72 628.90,269.74 629.25,269.74 629.56,269.77 629.89,269.79 630.20,269.79 630.50,269.81 630.81,269.83 
      631.10,269.83 631.38,269.85 631.67,269.85 631.93,269.88 632.19,269.88 632.46,269.88 632.70,269.90 632.94,269.90 633.18,269.92 633.43,269.92 
      633.64,269.92 633.84,269.94 634.06,269.94 634.26,269.94 634.46,269.94 634.63,269.94 634.81,269.96 634.99,269.96 635.14,269.96 635.31,269.96 
      635.45,269.96 635.60,269.96 635.73,269.99 635.86,269.99 635.97,269.99 636.08,269.99 636.19,269.99 636.30,269.99 636.39,269.99 636.48,269.99 
      636.55,269.99 636.61,269.99 636.68,269.99 636.72,269.99 636.79,269.99 636.81,269.99 636.85,269.99 636.87,269.99 636.90,269.99 636.90,269.99 
      636.92,269.99 "/>
  </g>
</svg>
