<?xml version="1.0" encoding="UTF-8"?>
<!DOCTYPE svg PUBLIC "-//W3C//DTD SVG 1.1//EN"
        "http://www.w3.org/Graphics/SVG/1.1/DTD/svg11.dtd">
<svg
  xmlns="http://www.w3.org/2000/svg"
  xmlns:xlink="http://www.w3.org/1999/xlink"
  version="1.1"
  width="720pt"
  height="540pt"
  viewBox="0 0 720 540"
  >
  <rect
    x="0"
    y="0"
    width="720"
    height="540"
    stroke="none"
    fill="#000000"
    fill-opacity="1.000000"
    />
  <g
    transform="matrix(1 0 0 -1 0 540)"
    >
    <polyline
      stroke-width="1"
      stroke="#FF0000"
      stroke-opacity="1.000000"
      fill="#FF0000"
      fill-opacity="1.000000"
      fill-rule="nonzero"
      points="636.92,269.99 636.90,271.22 636.87,272.45 636.85,273.68 636.79,274.89 636.72,276.12 636.63,277.35 636.55,278.58 636.44,279.79 636.30,281.02 
      636.17,282.23 636.02,283.46 635.84,284.66 635.64,285.89 635.45,287.10 635.23,288.31 635.01,289.54 634.77,290.75 634.50,291.96 634.24,293.17 
      633.93,294.35 633.64,295.56 633.32,296.77 632.99,297.96 632.63,299.14 632.28,300.35 631.91,301.54 631.51,302.73 631.12,303.89 630.70,305.08 
      630.26,306.24 629.82,307.43 629.36,308.59 628.90,309.76 628.39,310.92 627.91,312.07 627.38,313.23 626.86,314.37 626.31,315.51 625.76,316.66 
      625.19,317.80 624.61,318.92 624.02,320.04 623.41,321.16 622.79,322.28 622.15,323.40 621.49,324.50 620.83,325.60 620.18,326.70 619.49,327.80 
      618.79,328.87 618.09,329.95 617.36,331.03 616.62,332.10 615.87,333.16 615.12,334.21 614.33,335.27 613.56,336.32 612.77,337.36 611.96,338.39 
      611.14,339.40 610.31,340.43 609.47,341.44 608.62,342.45 607.76,343.44 606.88,344.43 606.00,345.42 605.10,346.39 604.20,347.38 603.28,348.32 
      602.35,349.29 601.41,350.23 600.47,351.18 599.50,352.12 598.53,353.05 597.56,353.97 596.58,354.87 595.57,355.77 594.58,356.67 593.54,357.55 
      592.53,358.43 591.50,359.31 590.45,360.16 589.41,361.02 588.34,361.88 587.28,362.71 586.20,363.55 585.11,364.36 584.03,365.17 582.93,365.99 
      581.81,366.78 580.71,367.57 579.59,368.34 578.45,369.11 577.31,369.88 576.16,370.62 575.02,371.37 573.86,372.12 572.69,372.84 571.53,373.55 
      570.36,374.25 569.18,374.95 567.99,375.66 566.78,376.34 565.59,377.00 564.38,377.66 563.18,378.31 561.97,378.95 560.74,379.59 559.51,380.20 
      558.28,380.82 557.05,381.43 555.82,382.03 554.56,382.62 553.33,383.19 552.08,383.76 550.83,384.31 549.55,384.86 548.30,385.41 547.05,385.94 
      545.77,386.47 544.50,386.97 543.22,387.48 541.95,387.96 540.68,388.44 539.40,388.91 538.10,389.37 536.83,389.83 535.56,390.27 534.26,390.71 
      532.96,391.13 531.69,391.54 530.39,391.94 529.10,392.33 527.80,392.71 526.52,393.08 525.23,393.45 523.93,393.81 522.64,394.16 521.34,394.49 
      520.04,394.82 518.75,395.15 517.47,395.45 516.18,395.74 514.88,396.03 513.58,396.31 512.31,396.57 511.01,396.84 509.72,397.08 508.44,397.32 
      507.17,397.56 505.87,397.78 504.60,398.00 503.32,398.20 502.05,398.40 500.77,398.57 499.52,398.75 498.25,398.93 496.97,399.08 495.72,399.23 
      494.47,399.37 493.21,399.50 491.96,399.63 490.71,399.74 489.48,399.85 488.25,399.94 486.99,400.02 485.79,400.11 484.56,400.18 483.33,400.22 
      482.12,400.29 480.91,400.33 479.70,400.35 478.49,400.40 477.30,400.42 476.12,400.42 474.93,400.42 473.74,400.42 472.58,400.40 471.42,400.38 
      470.25,400.35 469.11,400.31 467.94,400.27 466.82,400.22 465.68,400.16 464.56,400.09 463.44,400.00 462.32,399.94 461.20,399.85 460.10,399.74 
      459.02,399.63 457.92,399.52 456.85,399.41 455.79,399.28 454.72,399.15 453.66,399.01 452.63,398.86 451.57,398.71 450.54,398.55 449.53,398.38 
      448.52,398.22 447.51,398.05 446.52,397.85 445.53,397.65 444.54,397.48 443.58,397.26 442.61,397.06 441.66,396.84 440.72,396.62 439.80,396.40 
      438.85,396.16 437.95,395.94 437.05,395.70 436.15,395.43 435.25,395.19 434.39,394.93 433.51,394.66 432.65,394.40 431.80,394.14 430.96,393.87 
      430.15,393.59 429.31,393.30 428.52,393.01 427.71,392.73 426.94,392.42 426.15,392.11 425.38,391.83 424.63,391.52 423.89,391.19 423.16,390.88 
      422.44,390.58 421.71,390.25 421.01,389.92 420.33,389.59 419.65,389.26 418.97,388.93 418.31,388.60 417.67,388.25 417.03,387.92 416.39,387.57 
      415.78,387.21 415.19,386.86 414.59,386.51 414.00,386.16 413.43,385.81 412.86,385.46 412.31,385.10 411.78,384.73 411.25,384.38 410.73,384.01 
      410.22,383.65 409.74,383.28 409.25,382.93 408.77,382.56 408.31,382.18 407.87,381.81 407.43,381.46 406.99,381.08 406.57,380.71 406.18,380.34 
      405.78,379.96 405.41,379.59 405.03,379.24 404.66,378.86 404.31,378.49 403.98,378.12 403.65,377.74 403.34,377.39 403.03,377.02 402.73,376.64 
      402.44,376.29 402.18,375.92 401.91,375.57 401.65,375.19 401.41,374.84 401.19,374.47 400.97,374.12 400.75,373.77 400.55,373.41 400.38,373.06 
      400.18,372.71 400.02,372.36 399.87,372.01 399.72,371.68 399.58,371.33 399.45,371.00 399.34,370.67 399.23,370.32 399.12,369.99 399.04,369.68 
      398.97,369.35 398.90,369.02 398.84,368.71 398.79,368.38 398.75,368.08 398.73,367.77 398.71,367.46 398.71,367.17 398.71,366.87 398.71,366.58 
      398.73,366.30 398.75,366.01 398.79,365.72 398.84,365.44 398.88,365.17 398.95,364.91 399.01,364.65 399.08,364.38 399.17,364.14 399.28,363.88 
      399.37,363.64 399.48,363.39 399.61,363.15 399.74,362.93 399.87,362.71 400.00,362.49 400.16,362.27 400.31,362.08 400.46,361.86 400.64,361.66 
      400.82,361.48 401.01,361.29 401.19,361.11 401.39,360.93 401.61,360.76 401.80,360.60 402.02,360.45 402.24,360.30 402.49,360.14 402.73,360.01 
      402.97,359.88 403.21,359.75 403.45,359.64 403.72,359.51 403.98,359.42 404.24,359.31 404.53,359.22 404.79,359.13 405.08,359.04 405.36,358.98 
      405.67,358.91 405.96,358.85 406.26,358.78 406.57,358.74 406.88,358.71 407.19,358.67 407.50,358.65 407.82,358.63 408.15,358.60 408.46,358.60 
      408.79,358.60 409.14,358.63 409.47,358.65 409.80,358.67 410.15,358.69 410.48,358.74 410.84,358.78 411.19,358.85 411.52,358.89 411.87,358.96 
      412.22,359.04 412.57,359.13 412.94,359.22 413.30,359.31 413.65,359.42 414.00,359.53 414.37,359.66 414.72,359.79 415.08,359.92 415.45,360.05 
      415.80,360.21 416.15,360.38 416.53,360.54 416.88,360.71 417.23,360.89 417.58,361.09 417.95,361.29 418.31,361.48 418.66,361.70 419.01,361.92 
      419.36,362.14 419.71,362.38 420.06,362.63 420.42,362.87 420.75,363.13 421.10,363.39 421.43,363.68 421.78,363.94 422.11,364.23 422.44,364.54 
      422.77,364.85 423.10,365.15 423.40,365.46 423.73,365.79 424.04,366.12 424.35,366.47 424.66,366.80 424.96,367.15 425.27,367.53 425.56,367.90 
      425.84,368.27 426.13,368.65 426.41,369.04 426.70,369.44 426.96,369.83 427.23,370.25 427.49,370.67 427.75,371.09 428.00,371.53 428.24,371.96 
      428.48,372.40 428.70,372.87 428.94,373.30 429.16,373.79 429.36,374.25 429.58,374.73 429.78,375.22 429.97,375.70 430.15,376.21 430.33,376.71 
      430.50,377.22 430.68,377.72 430.83,378.25 430.98,378.78 431.12,379.30 431.25,379.85 431.38,380.38 431.49,380.95 431.60,381.50 431.71,382.05 
      431.80,382.62 431.89,383.19 431.95,383.79 432.02,384.36 432.08,384.95 432.13,385.54 432.17,386.14 432.19,386.75 432.22,387.35 432.24,387.96 
      432.24,388.58 432.22,389.21 432.22,389.83 432.17,390.47 432.15,391.10 432.08,391.74 432.04,392.40 431.97,393.04 431.89,393.70 431.80,394.36 
      431.71,395.01 431.60,395.67 431.47,396.33 431.34,397.01 431.20,397.70 431.05,398.38 430.87,399.06 430.70,399.74 430.52,400.42 430.33,401.12 
      430.11,401.80 429.89,402.51 429.67,403.21 429.40,403.91 429.16,404.62 428.90,405.32 428.61,406.02 428.33,406.75 428.02,407.45 427.71,408.18 
      427.38,408.88 427.05,409.60 426.70,410.33 426.33,411.06 425.95,411.78 425.56,412.51 425.16,413.23 424.77,413.96 424.33,414.68 423.89,415.41 
      423.45,416.13 422.99,416.88 422.53,417.60 422.02,418.33 421.54,419.05 421.03,419.80 420.50,420.53 419.95,421.25 419.40,422.00 418.86,422.72 
      418.28,423.45 417.69,424.20 417.10,424.92 416.48,425.65 415.87,426.37 415.23,427.10 414.57,427.84 413.91,428.57 413.23,429.29 412.55,430.02 
      411.85,430.72 411.12,431.45 410.40,432.17 409.67,432.90 408.92,433.60 408.15,434.32 407.36,435.03 406.57,435.73 405.78,436.43 404.97,437.14 
      404.13,437.84 403.30,438.54 402.44,439.25 401.58,439.93 400.71,440.63 399.83,441.31 398.93,441.99 398.00,442.67 397.08,443.36 396.14,444.02 
      395.19,444.70 394.22,445.36 393.26,446.01 392.27,446.67 391.26,447.33 390.25,447.97 389.24,448.61 388.20,449.27 387.15,449.90 386.09,450.52 
      385.02,451.16 383.94,451.77 382.84,452.39 381.74,453.00 380.62,453.60 379.50,454.21 378.36,454.80 377.22,455.38 376.05,455.97 374.86,456.54 
      373.70,457.11 372.49,457.68 371.28,458.25 370.07,458.80 368.84,459.35 367.61,459.88 366.36,460.43 365.11,460.96 363.86,461.46 362.56,461.99 
      361.29,462.49 359.99,463.00 358.67,463.48 357.35,463.97 356.03,464.45 354.69,464.93 353.35,465.40 351.99,465.86 350.63,466.30 349.27,466.74 
      347.88,467.17 346.50,467.61 345.09,468.03 343.68,468.45 342.28,468.84 340.85,469.24 339.42,469.64 337.97,470.01 336.52,470.38 335.07,470.73 
      333.60,471.09 332.13,471.44 330.65,471.77 329.16,472.10 327.67,472.43 326.17,472.73 324.66,473.04 323.14,473.33 321.62,473.61 320.09,473.88 
      318.57,474.14 317.01,474.40 315.47,474.65 313.91,474.89 312.35,475.13 310.79,475.35 309.23,475.55 307.65,475.74 306.07,475.94 304.48,476.12 
      302.90,476.29 301.30,476.45 299.69,476.60 298.09,476.76 296.49,476.89 294.88,477.00 293.26,477.11 291.63,477.22 290.00,477.30 288.38,477.39 
      286.75,477.46 285.13,477.52 283.48,477.57 281.83,477.61 280.20,477.66 278.56,477.66 276.91,477.68 275.24,477.68 273.59,477.68 271.94,477.66 
      270.29,477.61 268.62,477.57 266.98,477.52 265.31,477.46 263.64,477.39 261.99,477.30 260.32,477.22 258.65,477.11 256.98,477.00 255.33,476.87 
      253.66,476.73 251.99,476.58 250.32,476.43 248.65,476.27 247.00,476.10 245.33,475.90 243.66,475.70 242.01,475.50 240.34,475.28 238.70,475.04 
      237.03,474.80 235.38,474.56 233.71,474.29 232.06,474.01 230.41,473.74 228.76,473.44 227.12,473.13 225.49,472.82 223.84,472.49 222.19,472.16 
      220.57,471.81 218.94,471.46 217.32,471.11 215.69,470.73 214.06,470.34 212.46,469.94 210.83,469.53 209.23,469.11 207.63,468.69 206.04,468.25 
      204.44,467.81 202.86,467.35 201.28,466.89 199.69,466.41 198.11,465.92 196.55,465.42 194.99,464.91 193.43,464.41 191.89,463.88 190.35,463.33 
      188.82,462.78 187.28,462.23 185.76,461.68 184.25,461.09 182.73,460.52 181.24,459.92 179.72,459.31 178.25,458.72 176.75,458.08 175.28,457.46 
      173.83,456.83 172.36,456.17 170.91,455.51 169.48,454.85 168.05,454.17 166.62,453.49 165.20,452.80 163.79,452.10 162.40,451.38 161.00,450.67 
      159.64,449.95 158.25,449.20 156.89,448.45 155.55,447.71 154.21,446.96 152.87,446.19 151.55,445.42 150.23,444.63 148.94,443.84 147.64,443.05 
      146.36,442.24 145.09,441.42 143.84,440.61 142.58,439.77 141.33,438.94 140.10,438.08 138.89,437.25 137.68,436.39 136.50,435.51 135.31,434.65 
      134.15,433.78 132.98,432.90 131.84,432.00 130.70,431.09 129.58,430.19 128.46,429.29 127.36,428.37 126.26,427.45 125.18,426.52 124.13,425.60 
      123.07,424.66 122.04,423.71 121.01,422.77 120.00,421.80 119.01,420.86 118.02,419.89 117.03,418.90 116.06,417.93 115.12,416.94 114.20,415.96 
      113.25,414.97 112.35,413.98 111.45,412.99 110.57,411.98 109.69,410.97 108.83,409.96 108.00,408.95 107.16,407.91 106.35,406.90 105.56,405.87 
      104.77,404.84 104.00,403.80 103.23,402.77 102.48,401.72 101.76,400.68 101.03,399.63 100.33,398.60 99.63,397.54 98.95,396.49 98.29,395.41 
      97.65,394.36 97.01,393.30 96.40,392.22 95.78,391.17 95.19,390.09 94.62,389.02 94.05,387.96 93.50,386.88 92.97,385.81 92.44,384.73 
      91.94,383.65 91.43,382.58 90.97,381.50 90.51,380.40 90.05,379.33 89.61,378.25 89.19,377.17 88.77,376.07 88.40,375.00 88.00,373.92 
      87.65,372.82 87.30,371.74 86.97,370.67 86.64,369.57 86.33,368.49 86.05,367.42 85.76,366.34 85.50,365.24 85.23,364.16 84.99,363.09 
      84.77,362.01 84.58,360.93 84.38,359.86 84.20,358.78 84.03,357.70 83.87,356.65 83.74,355.57 83.61,354.52 83.50,353.44 83.39,352.39 
      83.30,351.31 83.23,350.25 83.17,349.20 83.13,348.15 83.10,347.09 83.08,346.06 83.08,345.00 83.08,343.97 83.10,342.92 83.15,341.88 
      83.19,340.85 83.23,339.82 83.32,338.81 83.41,337.77 83.50,336.76 83.61,335.75 83.74,334.74 83.87,333.73 84.03,332.72 84.18,331.73 
      84.36,330.72 84.53,329.73 84.73,328.74 84.93,327.78 85.15,326.79 85.39,325.82 85.63,324.85 85.89,323.89 86.16,322.94 86.42,322.00 
      86.71,321.05 87.01,320.11 87.32,319.16 87.65,318.24 87.98,317.32 88.33,316.39 88.68,315.47 89.04,314.57 89.41,313.67 89.80,312.77 
      90.20,311.89 90.60,311.01 91.01,310.13 91.43,309.25 91.87,308.40 92.31,307.54 92.77,306.68 93.23,305.85 93.69,304.99 94.18,304.18 
      94.66,303.34 95.17,302.53 95.67,301.72 96.18,300.90 96.70,300.11 97.23,299.32 97.78,298.55 98.33,297.76 98.88,296.99 99.43,296.24 
      100.00,295.48 100.59,294.73 101.17,294.00 101.76,293.28 102.35,292.55 102.97,291.83 103.58,291.12 104.20,290.42 104.81,289.74 105.45,289.04 
      106.09,288.38 106.72,287.70 107.38,287.04 108.02,286.38 108.68,285.74 109.36,285.10 110.02,284.47 110.70,283.85 111.38,283.24 112.06,282.64 
      112.75,282.05 113.45,281.46 114.15,280.86 114.85,280.29 115.56,279.74 116.26,279.19 116.96,278.64 117.69,278.09 118.41,277.57 119.14,277.04 
      119.86,276.53 120.59,276.03 121.31,275.55 122.06,275.04 122.79,274.58 123.53,274.10 124.26,273.63 125.01,273.17 125.75,272.73 126.50,272.29 
      127.25,271.88 127.99,271.46 128.74,271.04 129.49,270.65 130.24,270.25 131.00,269.85 131.75,269.48 132.50,269.11 133.25,268.76 134.02,268.40 
      134.76,268.05 135.51,267.72 136.26,267.39 137.03,267.06 137.77,266.76 138.52,266.45 139.27,266.16 140.01,265.88 140.76,265.59 141.51,265.33 
      142.26,265.06 142.98,264.82 143.73,264.56 144.47,264.34 145.20,264.10 145.92,263.88 146.67,263.66 147.40,263.46 148.12,263.26 148.85,263.06 
      149.55,262.89 150.28,262.71 150.98,262.56 151.68,262.41 152.39,262.25 153.09,262.10 153.79,261.97 154.49,261.83 155.18,261.72 155.86,261.59 
      156.54,261.50 157.22,261.39 157.88,261.31 158.54,261.22 159.20,261.15 159.86,261.07 160.52,261.00 161.15,260.96 161.79,260.91 162.43,260.87 
      163.04,260.82 163.68,260.80 164.29,260.78 164.89,260.76 165.50,260.74 166.10,260.74 166.69,260.74 167.26,260.76 167.85,260.76 168.40,260.78 
      168.97,260.82 169.52,260.85 170.07,260.89 170.62,260.93 171.15,260.98 171.68,261.04 172.20,261.09 172.71,261.15 173.22,261.24 173.70,261.31 
      174.20,261.39 174.67,261.48 175.15,261.57 175.61,261.68 176.07,261.77 176.51,261.88 176.95,261.99 177.37,262.10 177.79,262.23 178.20,262.36 
      178.60,262.47 178.99,262.63 179.39,262.76 179.76,262.89 180.14,263.04 180.49,263.20 180.84,263.35 181.17,263.50 181.50,263.66 181.83,263.81 
      182.14,263.99 182.42,264.16 182.73,264.34 182.99,264.49 183.28,264.69 183.54,264.87 183.78,265.04 184.03,265.24 184.27,265.42 184.49,265.61 
      184.69,265.81 184.91,266.01 185.08,266.21 185.28,266.40 185.43,266.60 185.61,266.80 185.76,267.02 185.89,267.22 186.03,267.42 186.14,267.64 
      186.25,267.85 186.36,268.05 186.44,268.27 186.51,268.49 186.60,268.69 186.64,268.91 186.69,269.13 186.73,269.35 186.75,269.57 186.77,269.77 
      186.77,269.99 186.77,270.21 186.75,270.43 186.73,270.65 186.69,270.87 186.64,271.06 186.60,271.28 186.51,271.50 186.44,271.72 186.36,271.92 
      186.25,272.14 186.14,272.34 186.03,272.56 185.89,272.75 185.76,272.97 185.61,273.17 185.43,273.37 185.28,273.59 185.08,273.79 184.91,273.99 
      184.69,274.18 184.49,274.36 184.27,274.56 184.03,274.75 183.78,274.93 183.54,275.13 183.28,275.30 182.99,275.48 182.73,275.66 182.42,275.83 
      182.14,276.01 181.83,276.16 181.50,276.34 181.17,276.49 180.84,276.64 180.49,276.80 180.14,276.95 179.76,277.08 179.39,277.24 178.99,277.37 
      178.60,277.50 178.20,277.63 177.79,277.76 177.37,277.87 176.95,277.98 176.51,278.09 176.07,278.20 175.61,278.31 175.15,278.40 174.67,278.51 
      174.20,278.60 173.70,278.67 173.22,278.75 172.71,278.82 172.20,278.89 171.68,278.95 171.15,279.00 170.62,279.06 170.07,279.11 169.52,279.13 
      168.97,279.17 168.40,279.19 167.85,279.22 167.26,279.24 166.69,279.24 166.10,279.24 165.50,279.24 164.89,279.24 164.29,279.22 163.68,279.19 
      163.04,279.17 162.43,279.13 161.79,279.08 161.15,279.04 160.52,278.97 159.86,278.91 159.20,278.84 158.54,278.75 157.88,278.69 157.22,278.58 
      156.54,278.49 155.86,278.38 155.18,278.27 154.49,278.14 153.79,278.03 153.09,277.87 152.39,277.74 151.68,277.59 150.98,277.44 150.28,277.26 
      149.55,277.08 148.85,276.91 148.12,276.71 147.40,276.51 146.67,276.31 145.92,276.09 145.20,275.88 144.47,275.66 143.73,275.41 142.98,275.17 
      142.26,274.91 141.51,274.67 140.76,274.38 140.01,274.12 139.27,273.83 138.52,273.52 137.77,273.22 137.03,272.91 136.26,272.60 135.51,272.27 
      134.76,271.94 134.02,271.59 133.25,271.24 132.50,270.87 131.75,270.51 131.00,270.12 130.24,269.74 129.49,269.35 128.74,268.95 127.99,268.54 
      127.25,268.12 126.50,267.68 125.75,267.24 125.01,266.80 124.26,266.34 123.53,265.88 122.79,265.42 122.06,264.93 121.31,264.45 120.59,263.94 
      119.86,263.44 119.14,262.93 118.41,262.41 117.69,261.88 116.96,261.35 116.26,260.80 115.56,260.25 114.85,259.68 114.15,259.11 113.45,258.54 
      112.75,257.94 112.06,257.35 111.38,256.74 110.70,256.12 110.02,255.51 109.36,254.89 108.68,254.25 108.02,253.59 107.38,252.93 106.72,252.28 
      106.09,251.62 105.45,250.94 104.81,250.25 104.20,249.55 103.58,248.87 102.97,248.14 102.35,247.44 101.76,246.72 101.17,245.99 100.59,245.24 
      100.00,244.50 99.43,243.75 98.88,242.98 98.33,242.21 97.78,241.44 97.23,240.65 96.70,239.86 96.18,239.07 95.67,238.28 95.17,237.47 
      94.66,236.63 94.18,235.82 93.69,234.98 93.23,234.15 92.77,233.29 92.31,232.46 91.87,231.60 91.43,230.72 91.01,229.86 90.60,228.98 
      90.20,228.11 89.80,227.20 89.41,226.30 89.04,225.40 88.68,224.50 88.33,223.60 87.98,222.68 87.65,221.75 87.32,220.81 87.01,219.89 
      86.71,218.94 86.42,218.00 86.16,217.05 85.89,216.09 85.63,215.12 85.39,214.15 85.15,213.19 84.93,212.22 84.73,211.23 84.53,210.24 
      84.36,209.25 84.18,208.26 84.03,207.25 83.87,206.26 83.74,205.25 83.61,204.24 83.50,203.23 83.41,202.20 83.32,201.19 83.23,200.16 
      83.19,199.12 83.15,198.09 83.10,197.06 83.08,196.02 83.08,194.97 83.08,193.94 83.10,192.88 83.13,191.83 83.17,190.77 83.23,189.72 
      83.30,188.66 83.39,187.61 83.50,186.53 83.61,185.48 83.74,184.40 83.87,183.35 84.03,182.27 84.20,181.19 84.38,180.12 84.58,179.04 
      84.77,177.96 84.99,176.89 85.23,175.81 85.50,174.73 85.76,173.66 86.05,172.58 86.33,171.48 86.64,170.40 86.97,169.33 87.30,168.23 
      87.65,167.15 88.00,166.07 88.40,164.98 88.77,163.90 89.19,162.82 89.61,161.75 90.05,160.65 90.51,159.57 90.97,158.49 91.43,157.42 
      91.94,156.34 92.44,155.26 92.97,154.19 93.50,153.11 94.05,152.03 94.62,150.96 95.19,149.88 95.78,148.83 96.40,147.75 97.01,146.69 
      97.65,145.62 98.29,144.56 98.95,143.51 99.63,142.45 100.33,141.40 101.03,140.34 101.76,139.31 102.48,138.26 103.23,137.22 104.00,136.17 
      104.77,135.14 105.56,134.10 106.35,133.09 107.16,132.06 108.00,131.05 108.83,130.02 109.69,129.01 110.57,128.02 111.45,127.01 112.35,126.00 
      113.25,125.01 114.20,124.02 115.12,123.03 116.06,122.06 117.03,121.07 118.02,120.11 119.01,119.14 120.00,118.17 121.01,117.23 122.04,116.28 
      123.07,115.34 124.13,114.39 125.18,113.45 126.26,112.53 127.36,111.60 128.46,110.70 129.58,109.78 130.70,108.88 131.84,107.98 132.98,107.10 
      134.15,106.22 135.31,105.34 136.50,104.46 137.68,103.60 138.89,102.75 140.10,101.89 141.33,101.06 142.58,100.22 143.84,99.39 145.09,98.57 
      146.36,97.76 147.64,96.95 148.94,96.16 150.23,95.36 151.55,94.57 152.87,93.80 154.21,93.04 155.55,92.27 156.89,91.52 158.25,90.77 
      159.64,90.05 161.00,89.32 162.40,88.60 163.79,87.89 165.20,87.19 166.62,86.49 168.05,85.81 169.48,85.15 170.91,84.47 172.36,83.81 
      173.83,83.17 175.28,82.53 176.75,81.89 178.25,81.28 179.72,80.66 181.24,80.07 182.73,79.48 184.25,78.88 185.76,78.31 187.28,77.74 
      188.82,77.19 190.35,76.64 191.89,76.12 193.43,75.59 194.99,75.06 196.55,74.56 198.11,74.07 199.69,73.59 201.28,73.11 202.86,72.64 
      204.44,72.18 206.04,71.72 207.63,71.28 209.23,70.86 210.83,70.45 212.46,70.05 214.06,69.66 215.69,69.26 217.32,68.89 218.94,68.51 
      220.57,68.16 222.19,67.81 223.84,67.48 225.49,67.15 227.12,66.84 228.76,66.54 230.41,66.25 232.06,65.96 233.71,65.70 235.38,65.44 
      237.03,65.17 238.70,64.93 240.34,64.71 242.01,64.49 243.66,64.27 245.33,64.07 247.00,63.90 248.65,63.72 250.32,63.55 251.99,63.39 
      253.66,63.24 255.33,63.11 256.98,63.00 258.65,62.87 260.32,62.78 261.99,62.67 263.64,62.60 265.31,62.51 266.98,62.47 268.62,62.40 
      270.29,62.36 271.94,62.34 273.59,62.32 275.24,62.32 276.91,62.32 278.56,62.32 280.20,62.34 281.83,62.36 283.48,62.40 285.13,62.47 
      286.75,62.51 288.38,62.60 290.00,62.67 291.63,62.78 293.26,62.87 294.88,62.98 296.49,63.11 298.09,63.24 299.69,63.37 301.30,63.52 
      302.90,63.70 304.48,63.85 306.07,64.05 307.65,64.23 309.23,64.43 310.79,64.65 312.35,64.87 313.91,65.08 315.47,65.33 317.01,65.57 
      318.57,65.83 320.09,66.10 321.62,66.38 323.14,66.67 324.66,66.95 326.17,67.26 327.67,67.57 329.16,67.88 330.65,68.21 332.13,68.56 
      333.60,68.89 335.07,69.24 336.52,69.61 337.97,69.99 339.42,70.36 340.85,70.75 342.28,71.15 343.68,71.55 345.09,71.96 346.50,72.38 
      347.88,72.80 349.27,73.24 350.63,73.68 351.99,74.14 353.35,74.60 354.69,75.06 356.03,75.52 357.35,76.01 358.67,76.49 359.99,76.99 
      361.29,77.50 362.56,78.01 363.86,78.51 365.11,79.04 366.36,79.57 367.61,80.09 368.84,80.64 370.07,81.19 371.28,81.74 372.49,82.29 
      373.70,82.86 374.86,83.43 376.05,84.00 377.22,84.60 378.36,85.19 379.50,85.78 380.62,86.38 381.74,86.99 382.84,87.61 383.94,88.22 
      385.02,88.84 386.09,89.45 387.15,90.09 388.20,90.73 389.24,91.37 390.25,92.00 391.26,92.66 392.27,93.32 393.26,93.96 394.22,94.64 
      395.19,95.30 396.14,95.96 397.08,96.64 398.00,97.32 398.93,98.00 399.83,98.68 400.71,99.36 401.58,100.04 402.44,100.75 403.30,101.43 
      404.13,102.13 404.97,102.84 405.78,103.54 406.57,104.24 407.36,104.97 408.15,105.67 408.92,106.37 409.67,107.10 410.40,107.82 411.12,108.53 
      411.85,109.25 412.55,109.98 413.23,110.70 413.91,111.43 414.57,112.15 415.23,112.88 415.87,113.60 416.48,114.33 417.10,115.07 417.69,115.80 
      418.28,116.52 418.86,117.25 419.40,118.00 419.95,118.72 420.50,119.45 421.03,120.19 421.54,120.92 422.02,121.64 422.53,122.39 422.99,123.12 
      423.45,123.84 423.89,124.57 424.33,125.31 424.77,126.04 425.16,126.76 425.56,127.49 425.95,128.21 426.33,128.94 426.70,129.66 427.05,130.39 
      427.38,131.09 427.71,131.82 428.02,132.54 428.33,133.25 428.61,133.95 428.90,134.67 429.16,135.38 429.40,136.08 429.67,136.78 429.89,137.49 
      430.11,138.17 430.33,138.87 430.52,139.55 430.70,140.26 430.87,140.94 431.05,141.62 431.20,142.30 431.34,142.98 431.47,143.64 431.60,144.32 
      431.71,144.98 431.80,145.64 431.89,146.30 431.97,146.94 432.04,147.59 432.08,148.23 432.15,148.87 432.17,149.51 432.22,150.14 432.22,150.78 
      432.24,151.40 432.24,152.01 432.22,152.63 432.19,153.24 432.17,153.84 432.13,154.45 432.08,155.04 432.02,155.62 431.95,156.21 431.89,156.78 
      431.80,157.35 431.71,157.92 431.60,158.49 431.49,159.04 431.38,159.59 431.25,160.14 431.12,160.67 430.98,161.22 430.83,161.75 430.68,162.25 
      430.50,162.78 430.33,163.28 430.15,163.79 429.97,164.27 429.78,164.78 429.58,165.26 429.36,165.74 429.16,166.21 428.94,166.67 428.70,167.13 
      428.48,167.57 428.24,168.03 428.00,168.47 427.75,168.89 427.49,169.33 427.23,169.74 426.96,170.14 426.70,170.56 426.41,170.95 426.13,171.33 
      425.84,171.72 425.56,172.10 425.27,172.47 424.96,172.82 424.66,173.17 424.35,173.52 424.04,173.85 423.73,174.20 423.40,174.51 423.10,174.84 
      422.77,175.15 422.44,175.46 422.11,175.74 421.78,176.03 421.43,176.31 421.10,176.58 420.75,176.84 420.42,177.11 420.06,177.35 419.71,177.61 
      419.36,177.83 419.01,178.07 418.66,178.29 418.31,178.49 417.95,178.71 417.58,178.88 417.23,179.08 416.88,179.26 416.53,179.43 416.15,179.61 
      415.80,179.76 415.45,179.92 415.08,180.07 414.72,180.20 414.37,180.34 414.00,180.44 413.65,180.55 413.30,180.66 412.94,180.77 412.57,180.86 
      412.22,180.95 411.87,181.02 411.52,181.08 411.19,181.15 410.84,181.19 410.48,181.26 410.15,181.28 409.80,181.32 409.47,181.35 409.14,181.37 
      408.79,181.37 408.46,181.37 408.15,181.37 407.82,181.35 407.50,181.35 407.19,181.30 406.88,181.28 406.57,181.24 406.26,181.19 405.96,181.15 
      405.67,181.08 405.36,181.02 405.08,180.93 404.79,180.86 404.53,180.77 404.24,180.66 403.98,180.58 403.72,180.47 403.45,180.36 403.21,180.23 
      402.97,180.12 402.73,179.98 402.49,179.83 402.24,179.70 402.02,179.54 401.80,179.39 401.61,179.21 401.39,179.06 401.19,178.88 401.01,178.69 
      400.82,178.51 400.64,178.31 400.46,178.12 400.31,177.92 400.16,177.70 400.00,177.50 399.87,177.28 399.74,177.04 399.61,176.82 399.48,176.58 
      399.37,176.34 399.28,176.09 399.17,175.85 399.08,175.59 399.01,175.35 398.95,175.08 398.88,174.80 398.84,174.53 398.79,174.27 398.75,173.98 
      398.73,173.70 398.71,173.41 398.71,173.11 398.71,172.82 398.71,172.51 398.73,172.20 398.75,171.90 398.79,171.59 398.84,171.28 398.90,170.95 
      398.97,170.64 399.04,170.32 399.12,169.99 399.23,169.66 399.34,169.33 399.45,169.00 399.58,168.65 399.72,168.32 399.87,167.96 400.02,167.61 
      400.18,167.28 400.38,166.93 400.55,166.58 400.75,166.23 400.97,165.85 401.19,165.50 401.41,165.15 401.65,164.78 401.91,164.43 402.18,164.05 
      402.44,163.70 402.73,163.33 403.03,162.98 403.34,162.60 403.65,162.23 403.98,161.86 404.31,161.48 404.66,161.13 405.03,160.76 405.41,160.38 
      405.78,160.01 406.18,159.64 406.57,159.28 406.99,158.91 407.43,158.54 407.87,158.16 408.31,157.79 408.77,157.44 409.25,157.07 409.74,156.69 
      410.22,156.34 410.73,155.97 411.25,155.62 411.78,155.24 412.31,154.89 412.86,154.54 413.43,154.16 414.00,153.81 414.59,153.46 415.19,153.11 
      415.78,152.76 416.39,152.41 417.03,152.08 417.67,151.73 418.31,151.40 418.97,151.07 419.65,150.72 420.33,150.39 421.01,150.06 421.71,149.75 
      422.44,149.42 423.16,149.09 423.89,148.78 424.63,148.47 425.38,148.17 426.15,147.86 426.94,147.55 427.71,147.27 428.52,146.98 429.31,146.69 
      430.15,146.41 430.96,146.12 431.80,145.84 432.65,145.57 433.51,145.31 434.39,145.05 435.25,144.78 436.15,144.54 437.05,144.30 437.95,144.06 
      438.85,143.82 439.80,143.60 440.72,143.35 441.66,143.13 442.61,142.94 443.58,142.72 444.54,142.52 445.53,142.32 446.52,142.12 447.51,141.95 
      448.52,141.77 449.53,141.60 450.54,141.44 451.57,141.27 452.63,141.11 453.66,140.98 454.72,140.83 455.79,140.70 456.85,140.59 457.92,140.45 
      459.02,140.34 460.10,140.23 461.20,140.15 462.32,140.06 463.44,139.97 464.56,139.90 465.68,139.84 466.82,139.77 467.94,139.71 469.11,139.66 
      470.25,139.64 471.42,139.60 472.58,139.57 473.74,139.57 474.93,139.55 476.12,139.55 477.30,139.57 478.49,139.60 479.70,139.62 480.91,139.66 
      482.12,139.71 483.33,139.75 484.56,139.82 485.79,139.88 486.99,139.97 488.25,140.06 489.48,140.15 490.71,140.26 491.96,140.37 493.21,140.48 
      494.47,140.61 495.72,140.76 496.97,140.89 498.25,141.07 499.52,141.22 500.77,141.40 502.05,141.60 503.32,141.77 504.60,141.99 505.87,142.19 
      507.17,142.43 508.44,142.65 509.72,142.89 511.01,143.13 512.31,143.40 513.58,143.68 514.88,143.95 516.18,144.23 517.47,144.54 518.75,144.85 
      520.04,145.16 521.34,145.49 522.64,145.81 523.93,146.17 525.23,146.52 526.52,146.89 527.80,147.27 529.10,147.66 530.39,148.03 531.69,148.45 
      532.96,148.87 534.26,149.29 535.56,149.73 536.83,150.17 538.10,150.61 539.40,151.07 540.68,151.55 541.95,152.03 543.22,152.52 544.50,153.02 
      545.77,153.53 547.05,154.05 548.30,154.58 549.55,155.11 550.83,155.66 552.08,156.23 553.33,156.78 554.56,157.37 555.82,157.94 557.05,158.54 
      558.28,159.15 559.51,159.77 560.74,160.38 561.97,161.02 563.18,161.68 564.38,162.32 565.59,162.98 566.78,163.66 567.99,164.34 569.18,165.02 
      570.36,165.72 571.53,166.43 572.69,167.15 573.86,167.88 575.02,168.60 576.16,169.35 577.31,170.10 578.45,170.86 579.59,171.63 580.71,172.42 
      581.81,173.19 582.93,174.01 584.03,174.80 585.11,175.61 586.20,176.45 587.28,177.28 588.34,178.12 589.41,178.95 590.45,179.81 591.50,180.69 
      592.53,181.54 593.54,182.42 594.58,183.32 595.57,184.20 596.58,185.10 597.56,186.03 598.53,186.95 599.50,187.87 600.47,188.79 601.41,189.74 
      602.35,190.68 603.28,191.65 604.20,192.62 605.10,193.59 606.00,194.57 606.88,195.54 607.76,196.55 608.62,197.54 609.47,198.55 610.31,199.56 
      611.14,200.57 611.96,201.61 612.77,202.64 613.56,203.67 614.33,204.70 615.12,205.76 615.87,206.81 616.62,207.89 617.36,208.94 618.09,210.02 
      618.79,211.10 619.49,212.20 620.18,213.27 620.83,214.37 621.49,215.47 622.15,216.59 622.79,217.69 623.41,218.81 624.02,219.93 624.61,221.05 
      625.19,222.19 625.76,223.31 626.31,224.46 626.86,225.60 627.38,226.76 627.91,227.91 628.39,229.07 628.90,230.24 629.36,231.40 629.82,232.57 
      630.26,233.73 630.70,234.92 631.12,236.08 631.51,237.27 631.91,238.45 632.28,239.64 632.63,240.83 632.99,242.04 633.32,243.22 633.64,244.43 
      633.93,245.62 634.24,246.83 634.50,248.03 634.77,249.24 635.01,250.45 635.23,251.66 635.45,252.87 635.64,254.10 635.84,255.31 636.02,256.54 
      636.17,257.75 636.30,258.98 636.44,260.19 636.55,261.42 636.63,262.65 636.72,263.86 636.79,265.09 636.85,266.32 636.87,267.55 636.90,268.76 
      636.92,269.99 "/>
  </g>
</svg>
