<?xml version="1.0" encoding="UTF-8"?>
<!DOCTYPE svg PUBLIC "-//W3C//DTD SVG 1.1//EN"
        "http://www.w3.org/Graphics/SVG/1.1/DTD/svg11.dtd">
<svg
  xmlns="http://www.w3.org/2000/svg"
  xmlns:xlink="http://www.w3.org/1999/xlink"
  version="1.1"
  width="720pt"
  height="540pt"
  viewBox="0 0 720 540"
  >
  <rect
    x="0"
    y="0"
    width="720"
    height="540"
    stroke="none"
    fill="#000000"
    fill-opacity="1.000000"
    />
  <g
    transform="matrix(1 0 0 -1 0 540)"
    >
    <polyline
      stroke-width="1"
      stroke="#FF0000"
      stroke-opacity="1.000000"
      fill="#FF0000"
      fill-opacity="1.000000"
      fill-rule="nonzero"
      points="636.92,269.99 636.19,283.46 634.06,296.84 630.52,310.00 625.62,322.90 619.41,335.40 611.91,347.44 603.21,358.91 593.39,369.77 582.53,379.94 
      570.74,389.32 558.10,397.89 544.72,405.58 530.74,412.37 516.26,418.22 501.43,423.10 486.34,427.01 471.11,429.93 455.90,431.89 440.83,432.87 
      426.00,432.92 411.52,432.08 397.52,430.37 384.07,427.86 371.31,424.59 359.29,420.64 348.10,416.06 337.80,410.95 328.44,405.34 320.06,399.37 
      312.70,393.08 306.40,386.60 301.12,379.96 296.90,373.28 293.70,366.65 291.48,360.12 290.22,353.79 289.85,347.73 290.33,342.01 291.61,336.72 
      293.54,331.86 296.11,327.53 299.17,323.75 302.66,320.55 306.46,317.98 310.48,316.02 314.59,314.72 318.70,314.04 322.70,314.02 326.50,314.59 
      329.97,315.76 333.05,317.49 335.62,319.73 337.60,322.41 338.94,325.51 339.53,328.96 339.36,332.70 338.35,336.61 336.46,340.67 333.69,344.78 
      330.02,348.85 325.42,352.80 319.95,356.58 313.60,360.05 306.40,363.20 298.40,365.90 289.65,368.12 280.25,369.75 270.25,370.76 259.72,371.09 
      248.78,370.65 237.51,369.46 226.04,367.44 214.46,364.58 202.90,360.87 191.48,356.30 180.29,350.85 169.48,344.54 159.15,337.42 149.42,329.49 
      140.41,320.79 132.21,311.36 124.94,301.28 118.66,290.58 113.49,279.35 109.47,267.66 106.70,255.57 105.21,243.20 105.05,230.63 106.26,217.95 
      108.83,205.25 112.79,192.62 118.11,180.18 124.79,167.99 132.78,156.19 142.06,144.83 152.56,133.99 164.21,123.80 176.93,114.31 190.62,105.60 
      205.21,97.72 220.57,90.73 236.61,84.69 253.18,79.63 270.18,75.61 287.48,72.60 304.95,70.64 322.46,69.74 339.88,69.90 357.09,71.08 
      373.94,73.28 390.36,76.45 406.20,80.53 421.34,85.50 435.71,91.30 449.22,97.83 461.77,105.05 473.28,112.90 483.72,121.25 493.04,130.04 
      501.17,139.20 508.11,148.61 513.82,158.19 518.35,167.85 521.69,177.50 523.84,187.06 524.85,196.42 524.81,205.54 523.71,214.31 521.67,222.66 
      518.72,230.54 515.01,237.91 510.57,244.67 505.54,250.80 499.98,256.30 494.05,261.09 487.81,265.17 481.41,268.56 474.93,271.24 468.52,273.22 
      462.23,274.51 456.19,275.15 450.52,275.17 445.27,274.62 440.54,273.57 436.43,272.03 432.98,270.07 430.24,267.79 428.28,265.24 427.14,262.52 
      426.81,259.66 427.32,256.78 428.70,253.95 430.90,251.24 433.89,248.72 437.69,246.50 442.19,244.63 447.40,243.16 453.20,242.19 459.53,241.77 
      466.34,241.95 473.48,242.76 480.91,244.23 488.49,246.43 496.11,249.38 503.69,253.04 511.10,257.44 518.24,262.60 524.96,268.47 531.21,275.06 
      536.83,282.31 541.75,290.18 545.88,298.64 549.09,307.63 551.33,317.08 552.54,326.90 552.61,337.05 551.53,347.42 549.25,357.95 545.71,368.54 
      540.94,379.08 534.90,389.52 527.60,399.74 519.08,409.65 509.34,419.16 498.44,428.19 486.45,436.65 473.42,444.45 459.44,451.53 444.59,457.81 
      428.94,463.24 412.64,467.75 395.78,471.31 378.49,473.85 360.89,475.37 343.09,475.85 325.23,475.26 307.45,473.59 289.85,470.89 272.60,467.13 
      255.79,462.36 239.55,456.61 224.02,449.93 209.27,442.37 195.43,433.97 182.58,424.83 170.80,415.03 160.19,404.62 150.78,393.67 142.65,382.31 
      135.82,370.62 130.32,358.69 126.17,346.61 123.36,334.48 121.91,322.39 121.73,310.44 122.85,298.73 125.20,287.32 128.72,276.29 133.33,265.75 
      138.98,255.75 145.57,246.34 152.98,237.60 161.13,229.58 169.92,222.30 179.24,215.82 188.95,210.13 198.97,205.27 209.14,201.23 219.38,198.00 
      229.58,195.58 239.60,193.96 249.33,193.08 258.71,192.93 267.61,193.41 275.96,194.53 283.70,196.20 290.71,198.35 296.99,200.92 302.44,203.85 
      307.08,207.03 310.83,210.42 313.71,213.89 315.73,217.40 316.88,220.85 317.18,224.17 316.68,227.29 315.41,230.13 313.43,232.61 310.81,234.70 
      307.63,236.30 303.96,237.38 299.87,237.91 295.50,237.84 290.93,237.14 286.27,235.80 281.61,233.80 277.06,231.14 272.73,227.84 268.76,223.89 
      265.20,219.34 262.16,214.22 259.77,208.55 258.08,202.40 257.20,195.80 257.20,188.86 258.12,181.63 260.05,174.16 263.00,166.54 267.02,158.87 
      272.14,151.22 278.36,143.66 285.65,136.32 294.05,129.25 303.50,122.55 313.95,116.30 325.36,110.59 337.69,105.49 350.85,101.10 364.74,97.43 
      379.28,94.57 394.38,92.60 409.91,91.52 425.78,91.39 441.86,92.24 458.06,94.11 474.18,96.97 490.16,100.84 505.85,105.71 521.12,111.56 
      535.84,118.39 549.90,126.13 563.22,134.74 575.64,144.17 587.08,154.36 597.43,165.26 606.66,176.78 614.64,188.84 621.32,201.34 626.68,214.20 
      630.66,227.34 633.21,240.65 634.35,254.03 634.08,267.42 632.41,280.64 629.34,293.70 624.94,306.42 619.23,318.75 612.29,330.61 604.20,341.90 
      595.02,352.56 584.84,362.52 573.77,371.70 561.90,380.07 549.38,387.61 536.28,394.22 522.75,399.94 508.88,404.70 494.84,408.53 480.73,411.41 
      466.67,413.34 452.76,414.37 439.14,414.53 425.91,413.85 413.19,412.35 401.06,410.11 389.59,407.19 378.89,403.65 369.00,399.54 359.99,394.97 
      351.92,390.00 344.81,384.73 338.67,379.22 333.53,373.57 329.38,367.83 326.22,362.14 324.00,356.54 322.68,351.11 322.26,345.95 322.63,341.11 
      323.73,336.65 325.53,332.63 327.91,329.12 330.76,326.13 334.02,323.73 337.58,321.93 341.33,320.74 345.18,320.20 349.00,320.28 352.69,320.99 
      356.17,322.30 359.29,324.22 362.01,326.68 364.21,329.64 365.79,333.09 366.71,336.92 366.87,341.11 366.23,345.57 364.71,350.23 362.32,355.05 
      358.98,359.90 354.69,364.71 349.49,369.44 343.31,373.94 336.24,378.18 328.26,382.07 319.43,385.52 309.82,388.44 299.47,390.80 288.49,392.51 
      276.91,393.52 264.87,393.76 252.45,393.19 239.75,391.78 226.92,389.52 214.02,386.36 201.21,382.27 188.60,377.30 176.29,371.44 164.43,364.67 
      153.13,357.04 142.50,348.61 132.65,339.38 123.69,329.45 115.71,318.81 108.79,307.60 103.03,295.85 98.51,283.63 95.25,271.06 93.34,258.21 
      92.79,245.18 93.63,232.06 95.89,218.94 99.54,205.93 104.57,193.12 110.99,180.60 118.72,168.47 127.73,156.82 137.93,145.73 149.29,135.29 
      161.70,125.56 175.06,116.61 189.30,108.53 204.29,101.34 219.89,95.10 236.02,89.83 252.56,85.59 269.35,82.36 286.27,80.18 303.21,79.02 
      320.02,78.88 336.59,79.76 352.80,81.61 368.54,84.38 383.68,88.05 398.13,92.55 411.78,97.83 424.59,103.80 436.43,110.42 447.29,117.58 
      457.07,125.23 465.75,133.25 473.28,141.57 479.68,150.10 484.91,158.76 488.99,167.44 491.96,176.07 493.85,184.58 494.66,192.84 494.47,200.81 
      493.37,208.42 491.39,215.60 488.62,222.28 485.17,228.43 481.11,233.97 476.56,238.89 471.64,243.18 466.41,246.78 461.00,249.70 455.53,251.97 
      450.10,253.53 444.81,254.45 439.75,254.74 435.07,254.43 430.81,253.57 427.07,252.19 423.93,250.36 421.45,248.17 419.71,245.62 418.72,242.83 
      418.57,239.86 419.25,236.78 420.77,233.69 423.16,230.65 426.39,227.75 430.44,225.07 435.29,222.70 440.89,220.68 447.20,219.10 454.14,218.02 
      461.64,217.49 469.59,217.60 477.94,218.37 486.60,219.87 495.41,222.06 504.33,225.05 513.19,228.81 521.91,233.33 530.37,238.65 538.46,244.76 
      546.06,251.59 553.05,259.13 559.35,267.37 564.85,276.23 569.44,285.68 573.04,295.63 575.59,306.04 577.02,316.81 577.24,327.89 576.23,339.14 
      573.97,350.54 570.38,361.94 565.51,373.30 559.33,384.49 551.84,395.41 543.11,406.00 533.14,416.15 522.00,425.78 509.74,434.79 496.44,443.11 
      482.18,450.67 467.09,457.42 451.20,463.26 434.65,468.19 417.60,472.10 400.11,475.02 382.34,476.89 364.41,477.68 346.43,477.41 328.55,476.07 
      310.90,473.68 293.61,470.27 276.80,465.83 260.58,460.45 245.07,454.17 230.37,447.00 216.59,439.05 203.80,430.37 192.09,421.03 181.52,411.14 
      172.18,400.75 164.05,389.98 157.22,378.91 151.70,367.64 147.46,356.25 144.54,344.83 142.91,333.49 142.52,322.30 143.35,311.38 145.35,300.79 
      148.43,290.60 152.54,280.89 157.59,271.72 163.50,263.17 170.16,255.29 177.48,248.08 185.32,241.62 193.63,235.91 202.22,230.98 211.03,226.83 
      219.93,223.47 228.81,220.88 237.58,219.03 246.08,217.91 254.25,217.47 261.99,217.69 269.22,218.48 275.83,219.82 281.81,221.62 287.04,223.84 
      291.50,226.39 295.15,229.18 297.96,232.17 299.91,235.25 301.01,238.32 301.25,241.36 300.68,244.26 299.32,246.91 297.21,249.31 294.40,251.33 
      290.95,252.93 286.93,254.06 282.45,254.65 277.57,254.67 272.38,254.08 267.02,252.83 261.55,250.91 256.10,248.34 250.76,245.07 245.66,241.14 
      240.92,236.52 236.61,231.27 232.83,225.42 229.71,219.01 227.34,212.06 225.78,204.68 225.12,196.88 225.42,188.73 226.76,180.34 229.18,171.77 
      232.70,163.11 237.38,154.43 243.18,145.81 250.17,137.38 258.27,129.18 267.50,121.36 277.81,113.93 289.17,107.03 301.50,100.73 314.75,95.10 
      328.81,90.20 343.62,86.11 359.07,82.88 375.06,80.55 391.48,79.19 408.18,78.82 425.07,79.46 442.02,81.13 458.89,83.85 475.57,87.59 
      491.89,92.33 507.80,98.09 523.10,104.81 537.73,112.46 551.53,120.99 564.43,130.32 576.34,140.43 587.13,151.20 596.75,162.58 605.12,174.49 
      612.20,186.82 617.91,199.50 622.26,212.42 625.23,225.49 626.77,238.63 626.92,251.73 625.67,264.67 623.10,277.39 619.19,289.78 614.04,301.78 
      607.69,313.27 600.25,324.22 591.76,334.50 582.34,344.10 572.08,352.94 561.11,360.96 549.51,368.16 537.42,374.47 524.94,379.90 512.22,384.42 
      499.34,388.05 486.47,390.77 473.68,392.60 461.11,393.59 448.87,393.74 437.05,393.10 425.76,391.74 415.08,389.70 405.08,387.06 395.87,383.85 
      387.46,380.18 379.92,376.12 373.30,371.72 367.59,367.09 362.85,362.32 359.04,357.46 356.19,352.63 354.23,347.88 353.16,343.31 352.91,338.98 
      353.46,334.96 354.72,331.31 356.63,328.11 359.09,325.38 362.03,323.21 365.35,321.58 368.95,320.57 372.71,320.15 376.56,320.39 380.38,321.25 
      384.03,322.74 387.46,324.85 390.53,327.56 393.17,330.81 395.26,334.59 396.71,338.83 397.48,343.49 397.45,348.50 396.57,353.79 394.82,359.33 
      392.14,364.98 388.49,370.71 383.83,376.40 378.20,382.01 371.57,387.41 363.97,392.53 355.42,397.32 345.97,401.67 335.66,405.50 324.57,408.73 
      312.77,411.32 300.33,413.19 287.32,414.29 273.90,414.57 260.12,413.98 246.12,412.48 232.02,410.07 217.93,406.73 203.96,402.44 190.25,397.19 
      176.93,391.04 164.10,383.96 151.88,376.01 140.41,367.22 129.77,357.64 120.08,347.31 111.43,336.32 103.89,324.74 97.56,312.64 92.51,300.09 
      88.77,287.21 86.38,274.05 85.41,260.74 85.85,247.33 87.70,233.97 90.97,220.74 95.63,207.74 101.67,195.04 109.01,182.75 117.62,170.95 
      127.40,159.75 138.32,149.18 150.28,139.35 163.15,130.32 176.84,122.15 191.26,114.85 206.26,108.53 221.75,103.14 237.62,98.77 253.68,95.41 
      269.85,93.06 286.00,91.69 301.98,91.34 317.71,91.94 333.05,93.47 347.88,95.89 362.12,99.17 375.63,103.21 388.38,107.98 400.27,113.38 
      411.21,119.36 421.16,125.84 430.08,132.74 437.93,139.97 444.70,147.42 450.37,155.02 454.94,162.71 458.41,170.36 460.85,177.92 462.27,185.28 
      462.71,192.38 462.27,199.14 460.98,205.52 458.93,211.45 456.21,216.83 452.89,221.69 449.11,225.93 444.94,229.58 440.50,232.54 435.88,234.87 
      431.20,236.54 426.57,237.58 422.09,237.95 417.84,237.73 413.98,236.92 410.53,235.55 407.61,233.71 405.32,231.42 403.67,228.74 402.79,225.78 
      402.68,222.55 403.41,219.14 404.97,215.65 407.43,212.15 410.75,208.70 414.94,205.43 420.00,202.35 425.87,199.61 432.52,197.23 439.91,195.30 
      447.95,193.91 456.58,193.08 465.72,192.90 475.31,193.43 485.19,194.68 495.32,196.71 505.54,199.52 515.76,203.14 525.87,207.60 535.75,212.88 
      545.29,218.96 554.34,225.84 562.82,233.51 570.63,241.88 577.63,250.96 583.77,260.67 588.91,270.95 592.99,281.74 595.92,292.97 597.67,304.55 
      598.16,316.39 597.34,328.44 595.21,340.54 591.72,352.67 586.91,364.69 580.73,376.51 573.24,388.05 564.47,399.21 554.45,409.89 543.25,420.02 
      530.94,429.49 517.58,438.26 503.28,446.26 488.12,453.38 472.21,459.59 455.68,464.87 438.63,469.13 421.18,472.36 403.47,474.56 385.65,475.68 
      367.81,475.74 350.08,474.76 332.61,472.71 315.51,469.66 298.93,465.61 282.95,460.65 267.70,454.78 253.26,448.08 239.75,440.63 227.23,432.50 
      215.78,423.73 205.45,414.46 196.33,404.75 188.40,394.66 181.74,384.34 176.34,373.83 172.18,363.24 169.26,352.67 167.59,342.21 167.09,331.93 
      167.74,321.93 169.46,312.31 172.20,303.08 175.87,294.35 180.42,286.18 185.70,278.60 191.65,271.68 198.16,265.46 205.10,259.92 212.37,255.15 
      219.89,251.11 227.51,247.82 235.14,245.24 242.65,243.42 249.95,242.26 256.93,241.77 263.50,241.90 269.59,242.61 275.08,243.84 279.96,245.51 
      284.12,247.57 287.52,249.95 290.11,252.56 291.92,255.35 292.84,258.23 292.95,261.11 292.20,263.90 290.64,266.56 288.29,268.98 285.19,271.11 
      281.39,272.84 276.97,274.16 271.96,274.97 266.49,275.24 260.63,274.91 254.45,273.94 248.10,272.32 241.62,269.99 235.18,266.95 228.85,263.22 
      222.74,258.78 216.99,253.64 211.69,247.82 206.94,241.36 202.84,234.28 199.50,226.65 196.99,218.55 195.43,209.96 194.84,201.01 195.32,191.76 
      196.90,182.29 199.65,172.69 203.56,163.02 208.68,153.37 215.03,143.88 222.57,134.59 231.29,125.60 241.16,117.01 252.14,108.90 264.19,101.36 
      277.22,94.46 291.17,88.29 305.96,82.91 321.45,78.38 337.60,74.73 354.23,72.05 371.28,70.36 388.62,69.70 406.11,70.07 423.60,71.50 
      441.00,73.96 458.17,77.50 474.98,82.05 491.30,87.59 507.01,94.11 522.00,101.54 536.15,109.84 549.38,118.96 561.55,128.83 572.65,139.33 
      582.53,150.43 591.17,162.03 598.53,174.05 604.53,186.38 609.17,198.92 612.44,211.60 614.33,224.30 614.84,236.94 614.00,249.42 611.87,261.66 
      608.46,273.55 603.87,285.02 598.14,296.00 591.35,306.40 583.61,316.15 574.98,325.23 565.59,333.56 555.57,341.09 544.98,347.82 533.97,353.68 
      522.64,358.69 511.14,362.82 499.54,366.12 488.01,368.54 476.62,370.16 465.50,370.95 454.76,371.00 444.50,370.34 434.76,369.02 425.69,367.09 
      417.32,364.60 409.71,361.68 402.92,358.36 396.99,354.72 391.96,350.85 387.83,346.83 384.62,342.72 382.29,338.63 380.84,334.63 380.27,330.81 
      380.49,327.20 381.46,323.93 383.13,321.01 385.41,318.55 388.25,316.57 391.52,315.12 395.17,314.24 399.08,313.95 403.14,314.31 407.28,315.30 
      411.36,316.92 415.27,319.18 418.94,322.06 422.22,325.56 425.05,329.62 427.32,334.24 428.92,339.31 429.80,344.83 429.89,350.72 429.07,356.91 
      427.36,363.35 424.63,369.94 420.92,376.62 416.17,383.28 410.40,389.85 403.56,396.27 395.70,402.40 386.82,408.20 376.97,413.56 366.23,418.42 
      354.61,422.70 342.19,426.33 329.09,429.23 315.36,431.34 301.10,432.61 286.42,433.01 271.46,432.50 256.30,431.03 241.07,428.59 225.91,425.18 
      210.92,420.79 196.24,415.43 182.01,409.10 168.32,401.85 155.31,393.72 143.07,384.73 131.73,374.95 121.36,364.43 112.11,353.24 104.00,341.47 
      97.12,329.20 91.56,316.48 87.34,303.45 84.51,290.16 83.08,276.73 83.08,263.26 84.51,249.81 87.34,236.54 91.56,223.49 97.12,210.79 
      104.00,198.51 112.11,186.73 121.36,175.54 131.73,165.04 143.07,155.26 155.31,146.28 168.32,138.12 182.01,130.90 196.24,124.57 210.92,119.21 
      225.91,114.81 241.07,111.40 256.30,108.97 271.46,107.49 286.42,106.97 301.10,107.36 315.36,108.66 329.09,110.77 342.19,113.67 354.61,117.27 
      366.23,121.56 376.97,126.41 386.82,131.77 395.70,137.57 403.56,143.73 410.40,150.12 416.17,156.69 420.92,163.37 424.63,170.03 427.36,176.62 
      429.07,183.06 429.89,189.26 429.80,195.15 428.92,200.66 427.32,205.76 425.05,210.35 422.22,214.42 418.94,217.91 415.27,220.81 411.36,223.07 
      407.28,224.70 403.14,225.69 399.08,226.02 395.17,225.75 391.52,224.88 388.25,223.42 385.41,221.45 383.13,218.96 381.46,216.06 380.49,212.77 
      380.27,209.19 380.84,205.34 382.29,201.34 384.62,197.25 387.83,193.17 391.96,189.15 396.99,185.26 402.92,181.63 409.71,178.29 417.32,175.37 
      425.69,172.91 434.76,170.97 444.50,169.66 454.76,168.97 465.50,169.02 476.62,169.83 488.01,171.44 499.54,173.87 511.14,177.15 522.64,181.30 
      533.97,186.31 544.98,192.18 555.57,198.90 565.59,206.44 574.98,214.75 583.61,223.82 591.35,233.58 598.14,243.99 603.87,254.96 608.46,266.43 
      611.87,278.34 614.00,290.55 614.84,303.03 614.33,315.69 612.44,328.39 609.17,341.07 604.53,353.62 598.53,365.94 591.17,377.94 582.53,389.54 
      572.65,400.64 561.55,411.16 549.38,421.01 536.15,430.13 522.00,438.43 507.01,445.88 491.30,452.39 474.98,457.95 458.17,462.49 441.00,466.01 
      423.60,468.49 406.11,469.92 388.62,470.30 371.28,469.61 354.23,467.92 337.60,465.24 321.45,461.62 305.96,457.07 291.17,451.68 277.22,445.51 
      264.19,438.61 252.14,431.07 241.16,422.96 231.29,414.37 222.57,405.41 215.03,396.11 208.68,386.60 203.56,376.97 199.65,367.31 196.90,357.68 
      195.32,348.21 194.84,338.96 195.43,330.02 196.99,321.45 199.50,313.32 202.84,305.69 206.94,298.64 211.69,292.18 216.99,286.36 222.74,281.21 
      228.85,276.75 235.18,273.02 241.62,269.99 248.10,267.68 254.45,266.03 260.63,265.06 266.49,264.73 271.96,265.00 276.97,265.83 281.39,267.13 
      285.19,268.89 288.29,271.02 290.64,273.44 292.20,276.07 292.95,278.89 292.84,281.76 291.92,284.62 290.11,287.41 287.52,290.03 284.12,292.42 
      279.96,294.46 275.08,296.16 269.59,297.37 263.50,298.07 256.93,298.20 249.95,297.72 242.65,296.57 235.14,294.73 227.51,292.18 219.89,288.88 
      212.37,284.84 205.10,280.05 198.16,274.53 191.65,268.29 185.70,261.37 180.42,253.81 175.87,245.64 172.20,236.92 169.46,227.69 167.74,218.04 
      167.09,208.04 167.59,197.78 169.26,187.30 172.18,176.75 176.34,166.16 181.74,155.66 188.40,145.31 196.33,135.25 205.45,125.53 215.78,116.24 
      227.23,107.49 239.75,99.34 253.26,91.89 267.70,85.21 282.95,79.35 298.93,74.38 315.51,70.34 332.61,67.28 350.08,65.24 367.81,64.25 
      385.65,64.29 403.47,65.44 421.18,67.61 438.63,70.86 455.68,75.13 472.21,80.38 488.12,86.60 503.28,93.74 517.58,101.71 530.94,110.48 
      543.25,119.97 554.45,130.10 564.47,140.78 573.24,151.95 580.73,163.48 586.91,175.30 591.72,187.32 595.21,199.43 597.34,211.56 598.16,223.58 
      597.67,235.42 595.92,247.00 592.99,258.23 588.91,269.02 583.77,279.30 577.63,289.02 570.63,298.09 562.82,306.48 554.34,314.13 545.29,321.03 
      535.75,327.12 525.87,332.39 515.76,336.83 505.54,340.48 495.32,343.29 485.19,345.31 475.31,346.56 465.72,347.07 456.58,346.89 447.95,346.08 
      439.91,344.67 432.52,342.76 425.87,340.39 420.00,337.62 414.94,334.57 410.75,331.27 407.43,327.84 404.97,324.33 403.41,320.83 402.68,317.45 
      402.79,314.22 403.67,311.23 405.32,308.57 407.61,306.29 410.53,304.42 413.98,303.08 417.84,302.27 422.09,302.02 426.57,302.42 431.20,303.43 
      435.88,305.10 440.50,307.43 444.94,310.42 449.11,314.04 452.89,318.31 456.21,323.14 458.93,328.55 460.98,334.46 462.27,340.83 462.71,347.60 
      462.27,354.72 460.85,362.08 458.41,369.61 454.94,377.28 450.37,384.95 444.70,392.58 437.93,400.02 430.08,407.25 421.16,414.13 411.21,420.61 
      400.27,426.61 388.38,432.02 375.63,436.79 362.12,440.83 347.88,444.08 333.05,446.50 317.71,448.04 301.98,448.65 286.00,448.28 269.85,446.94 
      253.68,444.59 237.62,441.20 221.75,436.83 206.26,431.47 191.26,425.12 176.84,417.84 163.15,409.67 150.28,400.64 138.32,390.80 127.40,380.25 
      117.62,369.04 109.01,357.24 101.67,344.96 95.63,332.26 90.97,319.25 87.70,306.00 85.85,292.64 85.41,279.26 86.38,265.94 88.77,252.78 
      92.51,239.88 97.56,227.34 103.89,215.23 111.43,203.65 120.08,192.66 129.77,182.36 140.41,172.78 151.88,163.99 164.10,156.03 176.93,148.96 
      190.25,142.78 203.96,137.55 217.93,133.27 232.02,129.91 246.12,127.49 260.12,126.02 273.90,125.42 287.32,125.69 300.33,126.79 312.77,128.65 
      324.57,131.25 335.66,134.50 345.97,138.32 355.42,142.67 363.97,147.44 371.57,152.58 378.20,157.99 383.83,163.59 388.49,169.28 392.14,175.00 
      394.82,180.66 396.57,186.18 397.45,191.50 397.48,196.51 396.71,201.17 395.26,205.41 393.17,209.19 390.53,212.44 387.46,215.12 384.03,217.23 
      380.38,218.72 376.56,219.60 372.71,219.82 368.95,219.43 365.35,218.39 362.03,216.79 359.09,214.59 356.63,211.89 354.72,208.68 353.46,205.03 
      352.91,201.01 353.16,196.68 354.23,192.09 356.19,187.34 359.04,182.51 362.85,177.68 367.59,172.89 373.30,168.27 379.92,163.88 387.46,159.81 
      395.87,156.14 405.08,152.93 415.08,150.28 425.76,148.23 437.05,146.87 448.87,146.25 461.11,146.41 473.68,147.38 486.47,149.22 499.34,151.95 
      512.22,155.55 524.94,160.08 537.42,165.50 549.51,171.83 561.11,179.02 572.08,187.06 582.34,195.89 591.76,205.47 600.25,215.78 607.69,226.70 
      614.04,238.21 619.19,250.19 623.10,262.58 625.67,275.30 626.92,288.27 626.77,301.34 625.23,314.48 622.26,327.56 617.91,340.48 612.20,353.16 
      605.12,365.50 596.75,377.41 587.13,388.80 576.34,399.56 564.43,409.65 551.53,419.01 537.73,427.51 523.10,435.16 507.80,441.88 491.89,447.64 
      475.57,452.41 458.89,456.14 442.02,458.85 425.07,460.52 408.18,461.15 391.48,460.78 375.06,459.42 359.07,457.11 343.62,453.88 328.81,449.79 
      314.75,444.89 301.50,439.25 289.17,432.94 277.81,426.04 267.50,418.64 258.27,410.79 250.17,402.62 243.18,394.16 237.38,385.57 232.70,376.89 
      229.18,368.21 226.76,359.64 225.42,351.24 225.12,343.11 225.78,335.31 227.34,327.91 229.71,320.99 232.83,314.55 236.61,308.70 240.92,303.47 
      245.66,298.86 250.76,294.93 256.10,291.65 261.55,289.06 267.02,287.15 272.38,285.92 277.57,285.30 282.45,285.32 286.93,285.92 290.95,287.04 
      294.40,288.64 297.21,290.69 299.32,293.06 300.68,295.74 301.25,298.62 301.01,301.65 299.91,304.75 297.96,307.82 295.15,310.79 291.50,313.60 
      287.04,316.13 281.81,318.35 275.83,320.15 269.22,321.49 261.99,322.30 254.25,322.50 246.08,322.09 237.58,320.96 228.81,319.12 219.93,316.53 
      211.03,313.16 202.22,309.01 193.63,304.09 185.32,298.38 177.48,291.92 170.16,284.71 163.50,276.82 157.59,268.25 152.54,259.09 148.43,249.40 
      145.35,239.20 143.35,228.61 142.52,217.67 142.91,206.48 144.54,195.15 147.46,183.74 151.70,172.34 157.22,161.06 164.05,149.99 172.18,139.22 
      181.52,128.85 192.09,118.94 203.80,109.62 216.59,100.95 230.37,92.99 245.07,85.83 260.58,79.52 276.80,74.14 293.61,69.72 310.90,66.29 
      328.55,63.90 346.43,62.58 364.41,62.32 382.34,63.11 400.11,64.98 417.60,67.88 434.65,71.81 451.20,76.71 467.09,82.58 482.18,89.30 
      496.44,96.88 509.74,105.19 522.00,114.22 533.14,123.84 543.11,133.97 551.84,144.56 559.33,155.51 565.51,166.69 570.38,178.03 573.97,189.45 
      576.23,200.84 577.24,212.11 577.02,223.18 575.59,233.95 573.04,244.34 569.44,254.30 564.85,263.75 559.35,272.60 553.05,280.84 546.06,288.40 
      538.46,295.23 530.37,301.32 521.91,306.64 513.19,311.19 504.33,314.94 495.41,317.91 486.60,320.13 477.94,321.60 469.59,322.37 461.64,322.48 
      454.14,321.98 447.20,320.90 440.89,319.32 435.29,317.29 430.44,314.90 426.39,312.22 423.16,309.32 420.77,306.29 419.25,303.19 418.57,300.13 
      418.72,297.15 419.71,294.35 421.45,291.83 423.93,289.61 427.07,287.78 430.81,286.42 435.07,285.54 439.75,285.24 444.81,285.52 450.10,286.44 
      455.53,288.03 461.00,290.27 466.41,293.19 471.64,296.79 476.56,301.08 481.11,306.00 485.17,311.56 488.62,317.69 491.39,324.39 493.37,331.56 
      494.47,339.16 494.66,347.13 493.85,355.42 491.96,363.90 488.99,372.54 484.91,381.22 479.68,389.87 473.28,398.42 465.75,406.73 457.07,414.77 
      447.29,422.39 436.43,429.58 424.59,436.17 411.78,442.17 398.13,447.44 383.68,451.95 368.54,455.62 352.80,458.39 336.59,460.23 320.02,461.11 
      303.21,460.96 286.27,459.81 269.35,457.62 252.56,454.41 236.02,450.15 219.89,444.89 204.29,438.65 189.30,431.45 175.06,423.36 161.70,414.42 
      149.29,404.70 137.93,394.25 127.73,383.17 118.72,371.50 110.99,359.37 104.57,346.87 99.54,334.06 95.89,321.03 93.63,307.91 92.79,294.79 
      93.34,281.76 95.25,268.91 98.51,256.34 103.03,244.15 108.79,232.39 115.71,221.16 123.69,210.55 132.65,200.59 142.50,191.37 153.13,182.93 
      164.43,175.33 176.29,168.56 188.60,162.69 201.21,157.70 214.02,153.64 226.92,150.47 239.75,148.19 252.45,146.78 264.87,146.23 276.91,146.47 
      288.49,147.46 299.47,149.18 309.82,151.53 319.43,154.47 328.26,157.92 336.24,161.79 343.31,166.03 349.49,170.56 354.69,175.26 358.98,180.09 
      362.32,184.95 364.71,189.74 366.23,194.42 366.87,198.88 366.71,203.06 365.79,206.90 364.21,210.33 362.01,213.30 359.29,215.76 356.17,217.67 
      352.69,218.99 349.00,219.71 345.18,219.78 341.33,219.23 337.58,218.06 334.02,216.26 330.76,213.84 327.91,210.88 325.53,207.36 323.73,203.34 
      322.63,198.88 322.26,194.02 322.68,188.86 324.00,183.46 326.22,177.85 329.38,172.14 333.53,166.43 338.67,160.76 344.81,155.24 351.92,149.97 
      359.99,145.00 369.00,140.43 378.89,136.34 389.59,132.78 401.06,129.86 413.19,127.62 425.91,126.15 439.14,125.45 452.76,125.60 466.67,126.63 
      480.73,128.59 494.84,131.47 508.88,135.29 522.75,140.06 536.28,145.75 549.38,152.39 561.90,159.90 573.77,168.27 584.84,177.48 595.02,187.43 
      604.20,198.09 612.29,209.38 619.23,221.23 624.94,233.55 629.34,246.30 632.41,259.33 634.08,272.58 634.35,285.94 633.21,299.34 630.66,312.64 
      626.68,325.78 621.32,338.65 614.64,351.16 606.66,363.20 597.43,374.71 587.08,385.61 575.64,395.81 563.22,405.25 549.90,413.87 535.84,421.60 
      521.12,428.41 505.85,434.28 490.16,439.16 474.18,443.03 458.06,445.88 441.86,447.73 425.78,448.59 409.91,448.45 394.38,447.40 379.28,445.40 
      364.74,442.56 350.85,438.90 337.69,434.48 325.36,429.38 313.95,423.67 303.50,417.43 294.05,410.73 285.65,403.67 278.36,396.31 272.14,388.77 
      267.02,381.13 263.00,373.44 260.05,365.83 258.12,358.36 257.20,351.11 257.20,344.17 258.08,337.60 259.77,331.45 262.16,325.78 265.20,320.66 
      268.76,316.09 272.73,312.15 277.06,308.84 281.61,306.18 286.27,304.18 290.93,302.84 295.50,302.13 299.87,302.07 303.96,302.59 307.63,303.69 
      310.81,305.30 313.43,307.36 315.41,309.85 316.68,312.68 317.18,315.80 316.88,319.12 315.73,322.59 313.71,326.08 310.83,329.58 307.08,332.94 
      302.44,336.13 296.99,339.05 290.71,341.62 283.70,343.77 275.96,345.44 267.61,346.56 258.71,347.07 249.33,346.89 239.60,346.01 229.58,344.39 
      219.38,341.97 209.14,338.76 198.97,334.72 188.95,329.84 179.24,324.17 169.92,317.67 161.13,310.40 152.98,302.37 145.57,293.63 138.98,284.25 
      133.33,274.23 128.72,263.68 125.20,252.67 122.85,241.27 121.73,229.53 121.91,217.58 123.36,205.49 126.17,193.37 130.32,181.28 135.82,169.35 
      142.65,157.66 150.78,146.30 160.19,135.38 170.80,124.96 182.58,115.14 195.43,106.00 209.27,97.63 224.02,90.07 239.55,83.39 255.79,77.63 
      272.60,72.86 289.85,69.11 307.45,66.38 325.23,64.73 343.09,64.14 360.89,64.60 378.49,66.12 395.78,68.69 412.64,72.23 428.94,76.75 
      444.59,82.16 459.44,88.44 473.42,95.54 486.45,103.34 498.44,111.80 509.34,120.83 519.08,130.32 527.60,140.23 534.90,150.45 540.94,160.89 
      545.71,171.46 549.25,182.03 551.53,192.55 552.61,202.95 552.54,213.08 551.33,222.92 549.09,232.35 545.88,241.33 541.75,249.79 536.83,257.68 
      531.21,264.93 524.96,271.50 518.24,277.39 511.10,282.53 503.69,286.95 496.11,290.62 488.49,293.54 480.91,295.74 473.48,297.23 466.34,298.05 
      459.53,298.22 453.20,297.78 447.40,296.82 442.19,295.37 437.69,293.48 433.89,291.26 430.90,288.75 428.70,286.05 427.32,283.19 426.81,280.31 
      427.14,277.48 428.28,274.73 430.24,272.18 432.98,269.90 436.43,267.96 440.54,266.43 445.27,265.35 450.52,264.80 456.19,264.82 462.23,265.48 
      468.52,266.78 474.93,268.76 481.41,271.41 487.81,274.80 494.05,278.91 499.98,283.70 505.54,289.17 510.57,295.32 515.01,302.09 518.72,309.45 
      521.67,317.32 523.71,325.69 524.81,334.46 524.85,343.55 523.84,352.94 521.69,362.49 518.35,372.14 513.82,381.79 508.11,391.37 501.17,400.79 
      493.04,409.93 483.72,418.72 473.28,427.10 461.77,434.92 449.22,442.15 435.71,448.70 421.34,454.47 406.20,459.46 390.36,463.55 373.94,466.71 
      357.09,468.89 339.88,470.08 322.46,470.23 304.95,469.33 287.48,467.39 270.18,464.38 253.18,460.34 236.61,455.29 220.57,449.24 205.21,442.26 
      190.62,434.39 176.93,425.67 164.21,416.17 152.56,405.98 142.06,395.17 132.78,383.81 124.79,371.99 118.11,359.81 112.79,347.35 108.83,334.74 
      106.26,322.04 105.05,309.34 105.21,296.77 106.70,284.40 109.47,272.34 113.49,260.65 118.66,249.40 124.94,238.72 132.21,228.61 140.41,219.21 
      149.42,210.50 159.15,202.57 169.48,195.43 180.29,189.15 191.48,183.70 202.90,179.13 214.46,175.41 226.04,172.56 237.51,170.53 248.78,169.33 
      259.72,168.91 270.25,169.22 280.25,170.23 289.65,171.88 298.40,174.07 306.40,176.78 313.60,179.92 319.95,183.41 325.42,187.17 330.02,191.15 
      333.69,195.21 336.46,199.32 338.35,203.36 339.36,207.30 339.53,211.01 338.94,214.46 337.60,217.56 335.62,220.26 333.05,222.50 329.97,224.22 
      326.50,225.38 322.70,225.97 318.70,225.93 314.59,225.27 310.48,223.95 306.46,222.02 302.66,219.43 299.17,216.24 296.11,212.46 293.54,208.11 
      291.61,203.28 290.33,197.96 289.85,192.24 290.22,186.20 291.48,179.87 293.70,173.35 296.90,166.71 301.12,160.03 306.40,153.40 312.70,146.89 
      320.06,140.61 328.44,134.63 337.80,129.05 348.10,123.93 359.29,119.34 371.31,115.38 384.07,112.13 397.52,109.60 411.52,107.91 426.00,107.05 
      440.83,107.12 455.90,108.11 471.11,110.06 486.34,112.99 501.43,116.88 516.26,121.75 530.74,127.60 544.72,134.39 558.10,142.10 570.74,150.67 
      582.53,160.05 593.39,170.21 603.21,181.06 611.91,192.55 619.41,204.59 625.62,217.10 630.52,229.97 634.06,243.16 636.19,256.52 636.92,269.99 
      "/>
  </g>
</svg>
