<?xml version="1.0" encoding="UTF-8"?>
<!DOCTYPE svg PUBLIC "-//W3C//DTD SVG 1.1//EN"
        "http://www.w3.org/Graphics/SVG/1.1/DTD/svg11.dtd">
<svg
  xmlns="http://www.w3.org/2000/svg"
  xmlns:xlink="http://www.w3.org/1999/xlink"
  version="1.1"
  width="720pt"
  height="540pt"
  viewBox="0 0 720 540"
  >
  <rect
    x="0"
    y="0"
    width="720"
    height="540"
    stroke="none"
    fill="#000000"
    fill-opacity="1.000000"
    />
  <g
    transform="matrix(1 0 0 -1 0 540)"
    >
    <polyline
      stroke-width="1"
      stroke="#FF0000"
      stroke-opacity="1.000000"
      fill="#FF0000"
      fill-opacity="1.000000"
      fill-rule="nonzero"
      points="636.92,269.99 636.77,267.11 636.30,264.25 635.53,261.42 634.46,258.60 633.07,255.84 631.40,253.13 629.43,250.50 627.18,247.95 624.64,245.49 
      621.82,243.11 618.75,240.87 615.41,238.72 611.80,236.72 607.98,234.87 603.91,233.16 599.63,231.60 595.15,230.19 590.47,228.96 585.61,227.93 
      580.56,227.07 575.37,226.39 570.03,225.93 564.58,225.64 559.00,225.58 553.33,225.73 547.58,226.08 541.75,226.63 535.86,227.42 529.95,228.41 
      524.02,229.62 518.09,231.05 512.15,232.70 506.24,234.57 500.40,236.63 494.60,238.92 488.86,241.40 483.22,244.08 477.66,246.98 472.23,250.06 
      466.93,253.31 461.79,256.76 456.78,260.38 451.95,264.16 447.31,268.12 442.85,272.23 438.59,276.47 434.54,280.84 430.74,285.35 427.14,289.96 
      423.80,294.68 420.70,299.50 417.87,304.40 415.27,309.36 412.94,314.39 410.90,319.47 409.12,324.59 407.63,329.73 406.42,334.90 405.47,340.06 
      404.81,345.20 404.44,350.34 404.33,355.44 404.51,360.49 404.95,365.50 405.67,370.43 406.64,375.28 407.89,380.05 409.36,384.71 411.10,389.26 
      413.08,393.70 415.27,398.00 417.71,402.16 420.35,406.15 423.18,410.02 426.19,413.69 429.40,417.21 432.76,420.53 436.28,423.67 439.95,426.61 
      443.73,429.34 447.62,431.86 451.62,434.19 455.70,436.28 459.86,438.17 464.05,439.84 468.30,441.27 472.56,442.48 476.82,443.44 481.08,444.19 
      485.32,444.72 489.52,445.03 493.67,445.09 497.74,444.94 501.74,444.56 505.63,443.95 509.41,443.16 513.06,442.13 516.55,440.92 519.89,439.49 
      523.08,437.86 526.06,436.06 528.85,434.08 531.45,431.93 533.82,429.60 535.97,427.14 537.89,424.52 539.53,421.76 540.94,418.88 542.08,415.87 
      542.96,412.77 543.55,409.56 543.86,406.29 543.88,402.92 543.60,399.50 543.03,396.00 542.17,392.49 541.01,388.95 539.56,385.39 537.78,381.83 
      535.71,378.25 533.36,374.71 530.70,371.20 527.76,367.75 524.53,364.32 521.01,360.96 517.23,357.68 513.17,354.50 508.86,351.40 504.27,348.41 
      499.45,345.53 494.40,342.78 489.13,340.15 483.63,337.69 477.92,335.36 472.03,333.18 465.97,331.18 459.73,329.36 453.35,327.71 446.83,326.24 
      440.17,324.96 433.40,323.89 426.57,323.01 419.62,322.33 412.64,321.84 405.58,321.56 398.51,321.49 391.41,321.65 384.31,322.00 377.22,322.55 
      370.16,323.32 363.15,324.28 356.21,325.45 349.35,326.83 342.56,328.39 335.88,330.15 329.34,332.10 322.92,334.24 316.66,336.54 310.55,339.03 
      304.64,341.69 298.88,344.48 293.34,347.42 288.03,350.52 282.91,353.75 278.03,357.09 273.39,360.54 269.02,364.10 264.89,367.77 261.02,371.50 
      257.42,375.30 254.12,379.17 251.09,383.08 248.34,387.06 245.88,391.04 243.71,395.04 241.84,399.04 240.26,403.03 238.98,407.01 237.99,410.97 
      237.29,414.86 236.87,418.70 236.76,422.48 236.92,426.19 237.36,429.80 238.06,433.31 239.03,436.72 240.26,439.99 241.75,443.16 243.46,446.17 
      245.42,449.02 247.60,451.75 249.97,454.28 252.54,456.65 255.31,458.83 258.27,460.80 261.37,462.60 264.62,464.21 268.01,465.59 271.52,466.76 
      275.15,467.72 278.86,468.45 282.66,468.95 286.51,469.24 290.40,469.31 294.33,469.13 298.29,468.71 302.24,468.08 306.18,467.22 310.07,466.12 
      313.93,464.80 317.71,463.26 321.45,461.48 325.07,459.51 328.59,457.31 331.99,454.89 335.27,452.28 338.39,449.46 341.36,446.48 344.15,443.29 
      346.76,439.93 349.18,436.39 351.38,432.70 353.38,428.85 355.13,424.88 356.67,420.77 357.95,416.53 358.98,412.18 359.75,407.72 360.27,403.17 
      360.52,398.55 360.47,393.87 360.16,389.10 359.59,384.31 358.71,379.50 357.55,374.65 356.12,369.79 354.41,364.93 352.39,360.08 350.12,355.26 
      347.55,350.50 344.72,345.75 341.62,341.09 338.26,336.48 334.63,331.95 330.76,327.53 326.66,323.21 322.30,318.99 317.73,314.90 312.94,310.94 
      307.96,307.12 302.77,303.47 297.41,299.96 291.87,296.62 286.18,293.43 280.36,290.44 274.38,287.63 268.29,285.02 262.12,282.58 255.84,280.36 
      249.51,278.34 243.09,276.51 236.65,274.91 230.19,273.52 223.71,272.34 217.23,271.35 210.79,270.60 204.37,270.05 198.00,269.72 191.72,269.59 
      185.50,269.68 179.39,269.94 173.39,270.43 167.52,271.11 161.79,271.99 156.23,273.04 150.82,274.27 145.62,275.68 140.59,277.26 135.77,279.00 
      131.18,280.89 126.81,282.91 122.68,285.06 118.81,287.35 115.21,289.74 111.84,292.25 108.77,294.86 105.98,297.54 103.49,300.29 101.28,303.12 
      99.36,305.98 97.76,308.90 96.44,311.85 95.45,314.79 94.75,317.76 94.35,320.72 94.29,323.65 94.51,326.57 95.03,329.42 95.87,332.24 
      96.99,335.01 98.42,337.66 100.13,340.26 102.11,342.76 104.37,345.16 106.90,347.42 109.67,349.57 112.70,351.57 115.98,353.44 119.47,355.13 
      123.18,356.69 127.09,358.08 131.22,359.26 135.51,360.27 139.97,361.11 144.58,361.75 149.33,362.16 154.21,362.38 159.20,362.41 164.29,362.21 
      169.46,361.79 174.69,361.15 179.96,360.32 185.28,359.24 190.62,357.95 195.96,356.43 201.28,354.69 206.57,352.74 211.82,350.58 217.03,348.19 
      222.15,345.60 227.18,342.81 232.10,339.82 236.92,336.61 241.60,333.23 246.15,329.67 250.52,325.91 254.71,322.00 258.76,317.93 262.58,313.69 
      266.23,309.32 269.63,304.79 272.82,300.16 275.79,295.41 278.51,290.53 280.99,285.59 283.21,280.53 285.17,275.41 286.86,270.23 288.29,265.00 
      289.45,259.72 290.33,254.41 290.95,249.09 291.28,243.77 291.32,238.45 291.08,233.16 290.60,227.89 289.81,222.66 288.77,217.49 287.46,212.37 
      285.87,207.34 284.05,202.40 281.98,197.56 279.65,192.82 277.11,188.20 274.32,183.72 271.33,179.37 268.12,175.17 264.73,171.13 261.15,167.26 
      257.40,163.55 253.48,160.03 249.42,156.69 245.22,153.55 240.92,150.61 236.48,147.86 231.97,145.33 227.38,143.02 222.72,140.91 218.02,139.05 
      213.27,137.38 208.53,135.95 203.78,134.74 199.03,133.75 194.33,132.98 189.67,132.46 185.06,132.13 180.53,132.04 176.09,132.17 171.77,132.50 
      167.57,133.05 163.48,133.80 159.57,134.76 155.79,135.91 152.21,137.25 148.83,138.76 145.62,140.48 142.65,142.32 139.88,144.36 137.36,146.52 
      135.07,148.85 133.05,151.29 131.29,153.86 129.80,156.54 128.57,159.33 127.64,162.21 126.98,165.15 126.63,168.18 126.57,171.26 126.81,174.40 
      127.36,177.57 128.21,180.75 129.36,183.96 130.83,187.15 132.59,190.35 134.63,193.52 137.00,196.64 139.66,199.74 142.61,202.77 145.84,205.74 
      149.35,208.61 153.13,211.41 157.18,214.11 161.48,216.68 166.03,219.14 170.84,221.49 175.85,223.69 181.10,225.73 186.55,227.62 192.18,229.36 
      198.00,230.94 204.00,232.32 210.13,233.53 216.44,234.57 222.83,235.40 229.36,236.04 235.99,236.45 242.70,236.70 249.46,236.72 256.30,236.54 
      263.15,236.15 270.03,235.55 276.91,234.74 283.79,233.73 290.62,232.50 297.43,231.05 304.18,229.42 310.83,227.58 317.40,225.56 323.89,223.31 
      330.24,220.90 336.48,218.31 342.54,215.51 348.47,212.57 354.21,209.45 359.77,206.20 365.15,202.77 370.29,199.21 375.24,195.52 379.96,191.72 
      384.42,187.81 388.66,183.76 392.64,179.65 396.35,175.46 399.80,171.19 402.99,166.87 405.89,162.49 408.51,158.08 410.84,153.64 412.90,149.18 
      414.66,144.72 416.13,140.28 417.32,135.86 418.20,131.47 418.81,127.12 419.14,122.83 419.19,118.61 418.97,114.48 418.46,110.42 417.69,106.48 
      416.68,102.64 415.41,98.92 413.89,95.34 412.15,91.89 410.18,88.62 408.00,85.48 405.61,82.51 403.03,79.74 400.27,77.13 397.34,74.73 
      394.27,72.51 391.04,70.51 387.70,68.71 384.23,67.13 380.67,65.74 377.02,64.60 373.30,63.70 369.55,63.00 365.75,62.54 361.90,62.32 
      358.08,62.32 354.25,62.54 350.43,63.00 346.67,63.70 342.96,64.60 339.31,65.74 335.75,67.13 332.28,68.71 328.94,70.51 325.71,72.51 
      322.63,74.73 319.71,77.13 316.97,79.74 314.37,82.51 312.00,85.48 309.80,88.62 307.85,91.89 306.09,95.34 304.57,98.92 303.32,102.64 
      302.29,106.48 301.52,110.42 301.03,114.48 300.79,118.61 300.84,122.83 301.17,127.12 301.78,131.47 302.68,135.86 303.87,140.28 305.34,144.72 
      307.10,149.18 309.14,153.64 311.47,158.08 314.09,162.49 316.99,166.87 320.17,171.19 323.62,175.46 327.34,179.65 331.31,183.76 335.55,187.81 
      340.04,191.72 344.74,195.52 349.68,199.21 354.85,202.77 360.21,206.20 365.77,209.45 371.53,212.57 377.44,215.51 383.52,218.31 389.74,220.90 
      396.09,223.31 402.57,225.56 409.14,227.58 415.82,229.42 422.57,231.05 429.36,232.50 436.21,233.73 443.07,234.74 449.95,235.55 456.83,236.15 
      463.70,236.54 470.51,236.72 477.28,236.70 483.98,236.45 490.62,236.04 497.15,235.40 503.56,234.57 509.85,233.53 516.00,232.32 521.98,230.94 
      527.80,229.36 533.45,227.62 538.90,225.73 544.13,223.69 549.16,221.49 553.95,219.14 558.50,216.68 562.80,214.11 566.85,211.41 570.65,208.61 
      574.14,205.74 577.39,202.77 580.34,199.74 582.97,196.64 585.35,193.52 587.41,190.35 589.17,187.15 590.62,183.96 591.79,180.75 592.62,177.57 
      593.17,174.40 593.41,171.26 593.35,168.18 592.99,165.15 592.36,162.21 591.41,159.33 590.20,156.54 588.71,153.86 586.93,151.29 584.91,148.85 
      582.62,146.52 580.10,144.36 577.35,142.32 574.36,140.48 571.17,138.76 567.77,137.25 564.19,135.91 560.43,134.76 556.50,133.80 552.43,133.05 
      548.21,132.50 543.88,132.17 539.45,132.04 534.92,132.13 530.33,132.46 525.67,132.98 520.94,133.75 516.22,134.74 511.45,135.95 506.70,137.38 
      501.96,139.05 497.26,140.91 492.60,143.02 488.01,145.33 483.50,147.86 479.08,150.61 474.76,153.55 470.56,156.69 466.49,160.03 462.58,163.55 
      458.83,167.26 455.24,171.13 451.86,175.17 448.65,179.37 445.66,183.72 442.89,188.20 440.32,192.82 438.02,197.56 435.93,202.40 434.11,207.34 
      432.52,212.37 431.23,217.49 430.17,222.66 429.40,227.89 428.90,233.16 428.68,238.45 428.72,243.77 429.05,249.09 429.64,254.41 430.52,259.72 
      431.69,265.00 433.12,270.23 434.81,275.41 436.76,280.53 439.01,285.59 441.47,290.53 444.19,295.41 447.16,300.16 450.34,304.79 453.77,309.32 
      457.40,313.69 461.24,317.93 465.26,322.00 469.48,325.91 473.85,329.67 478.38,333.23 483.06,336.61 487.87,339.82 492.82,342.81 497.85,345.60 
      502.97,348.19 508.16,350.58 513.41,352.74 518.70,354.69 524.02,356.43 529.36,357.95 534.70,359.24 540.02,360.32 545.29,361.15 550.52,361.79 
      555.71,362.21 560.78,362.41 565.77,362.38 570.65,362.16 575.39,361.75 580.01,361.11 584.47,360.27 588.78,359.26 592.88,358.08 596.80,356.69 
      600.51,355.13 604.00,353.44 607.28,351.57 610.31,349.57 613.10,347.42 615.63,345.16 617.87,342.76 619.87,340.26 621.56,337.66 622.99,335.01 
      624.11,332.24 624.94,329.42 625.47,326.57 625.71,323.65 625.62,320.72 625.23,317.76 624.55,314.79 623.54,311.85 622.24,308.90 620.61,305.98 
      618.70,303.12 616.51,300.29 614.00,297.54 611.21,294.86 608.13,292.25 604.79,289.74 601.17,287.35 597.30,285.06 593.17,282.91 588.82,280.89 
      584.20,279.00 579.39,277.26 574.38,275.68 569.15,274.27 563.77,273.04 558.19,271.99 552.45,271.11 546.59,270.43 540.59,269.94 534.48,269.68 
      528.26,269.59 521.98,269.72 515.60,270.05 509.19,270.60 502.75,271.35 496.27,272.34 489.79,273.52 483.33,274.91 476.89,276.51 470.49,278.34 
      464.14,280.36 457.88,282.58 451.68,285.02 445.60,287.63 439.64,290.44 433.80,293.43 428.11,296.62 422.57,299.96 417.21,303.47 412.02,307.12 
      407.03,310.94 402.24,314.90 397.67,318.99 393.32,323.21 389.21,327.53 385.35,331.95 381.72,336.48 378.36,341.09 375.26,345.75 372.43,350.50 
      369.88,355.26 367.59,360.08 365.59,364.93 363.86,369.79 362.43,374.65 361.26,379.50 360.41,384.31 359.81,389.10 359.51,393.87 359.48,398.55 
      359.73,403.17 360.23,407.72 361.00,412.18 362.03,416.53 363.33,420.77 364.85,424.88 366.60,428.85 368.60,432.70 370.80,436.39 373.22,439.93 
      375.83,443.29 378.62,446.48 381.59,449.46 384.71,452.28 387.98,454.89 391.39,457.31 394.90,459.51 398.55,461.48 402.27,463.26 406.07,464.80 
      409.91,466.12 413.82,467.22 417.76,468.08 421.69,468.71 425.65,469.13 429.58,469.31 433.47,469.24 437.34,468.95 441.11,468.45 444.83,467.72 
      448.45,466.76 451.97,465.59 455.35,464.21 458.61,462.60 461.73,460.80 464.67,458.83 467.44,456.65 470.01,454.28 472.40,451.75 474.58,449.02 
      476.51,446.17 478.25,443.16 479.72,439.99 480.95,436.72 481.92,433.31 482.62,429.80 483.06,426.19 483.22,422.48 483.11,418.70 482.69,414.86 
      482.01,410.97 481.02,407.01 479.72,403.03 478.14,399.04 476.27,395.04 474.12,391.04 471.66,387.06 468.91,383.08 465.88,379.17 462.56,375.30 
      458.96,371.50 455.11,367.77 450.98,364.10 446.59,360.54 441.95,357.09 437.07,353.75 431.97,350.52 426.63,347.42 421.10,344.48 415.36,341.69 
      409.43,339.03 403.32,336.54 397.06,334.24 390.64,332.10 384.09,330.15 377.41,328.39 370.65,326.83 363.77,325.45 356.82,324.28 349.82,323.32 
      342.76,322.55 335.69,322.00 328.59,321.65 321.49,321.49 314.39,321.56 307.36,321.84 300.35,322.33 293.43,323.01 286.58,323.89 279.81,324.96 
      273.17,326.24 266.65,327.71 260.25,329.36 254.01,331.18 247.95,333.18 242.06,335.36 236.37,337.69 230.87,340.15 225.58,342.78 220.52,345.53 
      215.71,348.41 211.14,351.40 206.81,354.50 202.75,357.68 198.97,360.96 195.45,364.32 192.22,367.75 189.28,371.20 186.62,374.71 184.27,378.25 
      182.20,381.83 180.44,385.39 178.97,388.95 177.81,392.49 176.95,396.00 176.38,399.50 176.12,402.92 176.14,406.29 176.45,409.56 177.04,412.77 
      177.90,415.87 179.04,418.88 180.44,421.76 182.09,424.52 184.00,427.14 186.16,429.60 188.53,431.93 191.12,434.08 193.91,436.06 196.92,437.86 
      200.09,439.49 203.43,440.92 206.94,442.13 210.59,443.16 214.35,443.95 218.24,444.56 222.24,444.94 226.30,445.09 230.46,445.03 234.65,444.72 
      238.89,444.19 243.16,443.44 247.42,442.48 251.68,441.27 255.92,439.84 260.14,438.17 264.27,436.28 268.36,434.19 272.36,431.86 276.25,429.34 
      280.05,426.61 283.70,423.67 287.21,420.53 290.58,417.21 293.78,413.69 296.82,410.02 299.65,406.15 302.29,402.16 304.70,398.00 306.90,393.70 
      308.88,389.26 310.61,384.71 312.11,380.05 313.34,375.28 314.33,370.43 315.03,365.50 315.47,360.49 315.65,355.44 315.56,350.34 315.16,345.20 
      314.50,340.06 313.58,334.90 312.35,329.73 310.86,324.59 309.08,319.47 307.03,314.39 304.70,309.36 302.13,304.40 299.28,299.50 296.18,294.68 
      292.84,289.96 289.26,285.35 285.43,280.84 281.39,276.47 277.15,272.23 272.69,268.12 268.03,264.16 263.20,260.38 258.21,256.76 253.04,253.31 
      247.75,250.06 242.32,246.98 236.78,244.08 231.14,241.40 225.40,238.92 219.60,236.63 213.73,234.57 207.82,232.70 201.89,231.05 195.96,229.62 
      190.03,228.41 184.11,227.42 178.23,226.63 172.40,226.08 166.65,225.73 160.98,225.58 155.40,225.64 149.95,225.93 144.61,226.39 139.42,227.07 
      134.39,227.93 129.51,228.96 124.83,230.19 120.35,231.60 116.06,233.16 112.00,234.87 108.17,236.72 104.59,238.72 101.25,240.87 98.15,243.11 
      95.34,245.49 92.82,247.95 90.55,250.50 88.60,253.13 86.90,255.84 85.54,258.60 84.47,261.42 83.70,264.25 83.23,267.11 83.08,269.99 
      83.23,272.86 83.70,275.74 84.47,278.58 85.54,281.39 86.90,284.14 88.60,286.84 90.55,289.48 92.82,292.05 95.34,294.51 98.15,296.86 
      101.25,299.12 104.59,301.25 108.17,303.25 112.00,305.12 116.06,306.84 120.35,308.40 124.83,309.78 129.51,311.01 134.39,312.07 139.42,312.92 
      144.61,313.58 149.95,314.06 155.40,314.33 160.98,314.39 166.65,314.26 172.40,313.91 178.23,313.34 184.11,312.57 190.03,311.56 195.96,310.35 
      201.89,308.92 207.82,307.28 213.73,305.43 219.60,303.36 225.40,301.08 231.14,298.60 236.78,295.89 242.32,293.01 247.75,289.94 253.04,286.66 
      258.21,283.21 263.20,279.59 268.03,275.81 272.69,271.85 277.15,267.77 281.39,263.53 285.43,259.13 289.26,254.65 292.84,250.03 296.18,245.31 
      299.28,240.50 302.13,235.60 304.70,230.63 307.03,225.60 309.08,220.52 310.86,215.40 312.35,210.24 313.58,205.10 314.50,199.94 315.16,194.77 
      315.56,189.65 315.65,184.53 315.47,179.48 315.03,174.49 314.33,169.55 313.34,164.69 312.11,159.94 310.61,155.26 308.88,150.72 306.90,146.28 
      304.70,141.99 302.29,137.82 299.65,133.82 296.82,129.97 293.78,126.28 290.58,122.79 287.21,119.45 283.70,116.33 280.05,113.38 276.25,110.64 
      272.36,108.11 268.36,105.80 264.27,103.69 260.14,101.82 255.92,100.15 251.68,98.73 247.42,97.52 243.16,96.53 238.89,95.78 234.65,95.25 
      230.46,94.97 226.30,94.90 222.24,95.06 218.24,95.43 214.35,96.02 210.59,96.84 206.94,97.85 203.43,99.08 200.09,100.51 196.92,102.11 
      193.91,103.91 191.12,105.91 188.53,108.06 186.16,110.37 184.00,112.86 182.09,115.47 180.44,118.22 179.04,121.12 177.90,124.11 177.04,127.20 
      176.45,130.41 176.14,133.71 176.12,137.07 176.38,140.50 176.95,143.97 177.81,147.48 178.97,151.04 180.44,154.60 182.20,158.16 184.27,161.72 
      186.62,165.26 189.28,168.78 192.22,172.25 195.45,175.65 198.97,179.02 202.75,182.29 206.81,185.50 211.14,188.60 215.71,191.59 220.52,194.46 
      225.58,197.21 230.87,199.83 236.37,202.31 242.06,204.64 247.95,206.79 254.01,208.79 260.25,210.61 266.65,212.26 273.17,213.73 279.81,215.01 
      286.58,216.09 293.43,216.99 300.35,217.67 307.36,218.15 314.39,218.41 321.49,218.48 328.59,218.35 335.69,218.00 342.76,217.45 349.82,216.68 
      356.82,215.71 363.77,214.53 370.65,213.16 377.41,211.58 384.09,209.82 390.64,207.87 397.06,205.74 403.32,203.43 409.43,200.95 415.36,198.31 
      421.10,195.52 426.63,192.55 431.97,189.48 437.07,186.25 441.95,182.91 446.59,179.43 450.98,175.87 455.11,172.23 458.96,168.49 462.56,164.69 
      465.88,160.80 468.91,156.89 471.66,152.93 474.12,148.96 476.27,144.94 478.14,140.94 479.72,136.94 481.02,132.96 482.01,129.03 482.69,125.12 
      483.11,121.27 483.22,117.49 483.06,113.80 482.62,110.17 481.92,106.66 480.95,103.27 479.72,99.98 478.25,96.84 476.51,93.80 474.58,90.95 
      472.40,88.24 470.01,85.70 467.44,83.34 464.67,81.17 461.73,79.17 458.61,77.37 455.35,75.79 451.97,74.40 448.45,73.22 444.83,72.27 
      441.11,71.55 437.34,71.02 433.47,70.73 429.58,70.69 425.65,70.86 421.69,71.26 417.76,71.90 413.82,72.78 409.91,73.85 406.07,75.19 
      402.27,76.73 398.55,78.49 394.90,80.49 391.39,82.69 387.98,85.08 384.71,87.70 381.59,90.51 378.62,93.52 375.83,96.70 373.22,100.07 
      370.80,103.58 368.60,107.27 366.60,111.12 364.85,115.10 363.33,119.23 362.03,123.47 361.00,127.82 360.23,132.26 359.73,136.81 359.48,141.42 
      359.51,146.12 359.81,150.87 360.41,155.66 361.26,160.49 362.43,165.35 363.86,170.21 365.59,175.06 367.59,179.90 369.88,184.71 372.43,189.50 
      375.26,194.22 378.36,198.90 381.72,203.49 385.35,208.02 389.21,212.46 393.32,216.77 397.67,220.99 402.24,225.07 407.03,229.03 412.02,232.85 
      417.21,236.52 422.57,240.04 428.11,243.38 433.80,246.54 439.64,249.55 445.60,252.36 451.68,254.98 457.88,257.40 464.14,259.61 470.49,261.66 
      476.89,263.46 483.33,265.06 489.79,266.47 496.27,267.66 502.75,268.62 509.19,269.39 515.60,269.94 521.98,270.27 528.26,270.40 534.48,270.32 
      540.59,270.03 546.59,269.55 552.45,268.87 558.19,268.01 563.77,266.95 569.15,265.70 574.38,264.30 579.39,262.74 584.20,261.00 588.82,259.11 
      593.17,257.09 597.30,254.91 601.17,252.63 604.79,250.23 608.13,247.73 611.21,245.13 614.00,242.45 616.51,239.69 618.70,236.87 620.61,233.99 
      622.24,231.09 623.54,228.15 624.55,225.18 625.23,222.22 625.62,219.27 625.71,216.33 625.47,213.43 624.94,210.55 624.11,207.74 622.99,204.99 
      621.56,202.31 619.87,199.72 617.87,197.23 615.63,194.84 613.10,192.57 610.31,190.42 607.28,188.42 604.00,186.55 600.51,184.84 596.80,183.30 
      592.88,181.92 588.78,180.71 584.47,179.70 580.01,178.86 575.39,178.25 570.65,177.81 565.77,177.59 560.78,177.57 555.71,177.76 550.52,178.18 
      545.29,178.82 540.02,179.68 534.70,180.75 529.36,182.05 524.02,183.54 518.70,185.28 513.41,187.23 508.16,189.41 502.97,191.78 497.85,194.38 
      492.82,197.17 487.87,200.18 483.06,203.36 478.38,206.75 473.85,210.33 469.48,214.06 465.26,217.98 461.24,222.06 457.40,226.30 453.77,230.68 
      450.34,235.18 447.16,239.82 444.19,244.59 441.47,249.44 439.01,254.41 436.76,259.46 434.81,264.58 433.12,269.77 431.69,275.00 430.52,280.27 
      429.64,285.57 429.05,290.88 428.72,296.22 428.68,301.54 428.90,306.84 429.40,312.11 430.17,317.34 431.23,322.50 432.52,327.60 434.11,332.63 
      435.93,337.58 438.02,342.43 440.32,347.16 442.89,351.77 445.66,356.25 448.65,360.60 451.86,364.80 455.24,368.84 458.83,372.73 462.58,376.43 
      466.49,379.96 470.56,383.30 474.76,386.44 479.08,389.39 483.50,392.11 488.01,394.64 492.60,396.97 497.26,399.06 501.96,400.95 506.70,402.60 
      511.45,404.05 516.22,405.25 520.94,406.24 525.67,406.99 530.33,407.54 534.92,407.85 539.45,407.93 543.88,407.82 548.21,407.47 552.43,406.92 
      556.50,406.18 560.43,405.23 564.19,404.07 567.77,402.73 571.17,401.21 574.36,399.52 577.35,397.65 580.10,395.63 582.62,393.45 584.91,391.15 
      586.93,388.69 588.71,386.12 590.20,383.43 591.41,380.67 592.36,377.79 592.99,374.82 593.35,371.79 593.41,368.71 593.17,365.59 592.62,362.43 
      591.79,359.22 590.62,356.03 589.17,352.83 587.41,349.64 585.35,346.48 582.97,343.33 580.34,340.26 577.39,337.22 574.14,334.26 570.65,331.38 
      566.85,328.59 562.80,325.89 558.50,323.29 553.95,320.83 549.16,318.50 544.13,316.31 538.90,314.24 533.45,312.35 527.80,310.61 521.98,309.05 
      516.00,307.65 509.85,306.44 503.56,305.43 497.15,304.59 490.62,303.96 483.98,303.52 477.28,303.30 470.51,303.25 463.70,303.45 456.83,303.83 
      449.95,304.44 443.07,305.25 436.21,306.26 429.36,307.49 422.57,308.92 415.82,310.57 409.14,312.39 402.57,314.44 396.09,316.66 389.74,319.07 
      383.52,321.69 377.44,324.46 371.53,327.40 365.77,330.52 360.21,333.80 354.85,337.20 349.68,340.76 344.74,344.45 340.04,348.26 335.55,352.19 
      331.31,356.21 327.34,360.32 323.62,364.52 320.17,368.80 316.99,373.13 314.09,377.50 311.47,381.92 309.14,386.36 307.10,390.80 305.34,395.26 
      303.87,399.69 302.68,404.13 301.78,408.51 301.17,412.86 300.84,417.14 300.79,421.36 301.03,425.51 301.52,429.56 302.29,433.51 303.32,437.36 
      304.57,441.07 306.09,444.65 307.85,448.08 309.80,451.38 312.00,454.50 314.37,457.46 316.97,460.25 319.71,462.85 322.63,465.26 325.71,467.48 
      328.94,469.48 332.28,471.28 335.75,472.87 339.31,474.23 342.96,475.37 346.67,476.29 350.43,476.98 354.25,477.44 358.08,477.68 361.90,477.68 
      365.75,477.44 369.55,476.98 373.30,476.29 377.02,475.37 380.67,474.23 384.23,472.87 387.70,471.28 391.04,469.48 394.27,467.48 397.34,465.26 
      400.27,462.85 403.03,460.25 405.61,457.46 408.00,454.50 410.18,451.38 412.15,448.08 413.89,444.65 415.41,441.07 416.68,437.36 417.69,433.51 
      418.46,429.56 418.97,425.51 419.19,421.36 419.14,417.14 418.81,412.86 418.20,408.51 417.32,404.13 416.13,399.69 414.66,395.26 412.90,390.80 
      410.84,386.36 408.51,381.92 405.89,377.50 402.99,373.13 399.80,368.80 396.35,364.52 392.64,360.32 388.66,356.21 384.42,352.19 379.96,348.26 
      375.24,344.45 370.29,340.76 365.15,337.20 359.77,333.80 354.21,330.52 348.47,327.40 342.54,324.46 336.48,321.69 330.24,319.07 323.89,316.66 
      317.40,314.44 310.83,312.39 304.18,310.57 297.43,308.92 290.62,307.49 283.79,306.26 276.91,305.25 270.03,304.44 263.15,303.83 256.30,303.45 
      249.46,303.25 242.70,303.30 235.99,303.52 229.36,303.96 222.83,304.59 216.44,305.43 210.13,306.44 204.00,307.65 198.00,309.05 192.18,310.61 
      186.55,312.35 181.10,314.24 175.85,316.31 170.84,318.50 166.03,320.83 161.48,323.29 157.18,325.89 153.13,328.59 149.35,331.38 145.84,334.26 
      142.61,337.22 139.66,340.26 137.00,343.33 134.63,346.48 132.59,349.64 130.83,352.83 129.36,356.03 128.21,359.22 127.36,362.43 126.81,365.59 
      126.57,368.71 126.63,371.79 126.98,374.82 127.64,377.79 128.57,380.67 129.80,383.43 131.29,386.12 133.05,388.69 135.07,391.15 137.36,393.45 
      139.88,395.63 142.65,397.65 145.62,399.52 148.83,401.21 152.21,402.73 155.79,404.07 159.57,405.23 163.48,406.18 167.57,406.92 171.77,407.47 
      176.09,407.82 180.53,407.93 185.06,407.85 189.67,407.54 194.33,406.99 199.03,406.24 203.78,405.25 208.53,404.05 213.27,402.60 218.02,400.95 
      222.72,399.06 227.38,396.97 231.97,394.64 236.48,392.11 240.92,389.39 245.22,386.44 249.42,383.30 253.48,379.96 257.40,376.43 261.15,372.73 
      264.73,368.84 268.12,364.80 271.33,360.60 274.32,356.25 277.11,351.77 279.65,347.16 281.98,342.43 284.05,337.58 285.87,332.63 287.46,327.60 
      288.77,322.50 289.81,317.34 290.60,312.11 291.08,306.84 291.32,301.54 291.28,296.22 290.95,290.88 290.33,285.57 289.45,280.27 288.29,275.00 
      286.86,269.77 285.17,264.58 283.21,259.46 280.99,254.41 278.51,249.44 275.79,244.59 272.82,239.82 269.63,235.18 266.23,230.68 262.58,226.30 
      258.76,222.06 254.71,217.98 250.52,214.06 246.15,210.33 241.60,206.75 236.92,203.36 232.10,200.18 227.18,197.17 222.15,194.38 217.03,191.78 
      211.82,189.41 206.57,187.23 201.28,185.28 195.96,183.54 190.62,182.05 185.28,180.75 179.96,179.68 174.69,178.82 169.46,178.18 164.29,177.76 
      159.20,177.57 154.21,177.59 149.33,177.81 144.58,178.25 139.97,178.86 135.51,179.70 131.22,180.71 127.09,181.92 123.18,183.30 119.47,184.84 
      115.98,186.55 112.70,188.42 109.67,190.42 106.90,192.57 104.37,194.84 102.11,197.23 100.13,199.72 98.42,202.31 96.99,204.99 95.87,207.74 
      95.03,210.55 94.51,213.43 94.29,216.33 94.35,219.27 94.75,222.22 95.45,225.18 96.44,228.15 97.76,231.09 99.36,233.99 101.28,236.87 
      103.49,239.69 105.98,242.45 108.77,245.13 111.84,247.73 115.21,250.23 118.81,252.63 122.68,254.91 126.81,257.09 131.18,259.11 135.77,261.00 
      140.59,262.74 145.62,264.30 150.82,265.70 156.23,266.95 161.79,268.01 167.52,268.87 173.39,269.55 179.39,270.03 185.50,270.32 191.72,270.40 
      198.00,270.27 204.37,269.94 210.79,269.39 217.23,268.62 223.71,267.66 230.19,266.47 236.65,265.06 243.09,263.46 249.51,261.66 255.84,259.61 
      262.12,257.40 268.29,254.98 274.38,252.36 280.36,249.55 286.18,246.54 291.87,243.38 297.41,240.04 302.77,236.52 307.96,232.85 312.94,229.03 
      317.73,225.07 322.30,220.99 326.66,216.77 330.76,212.46 334.63,208.02 338.26,203.49 341.62,198.90 344.72,194.22 347.55,189.50 350.12,184.71 
      352.39,179.90 354.41,175.06 356.12,170.21 357.55,165.35 358.71,160.49 359.59,155.66 360.16,150.87 360.47,146.12 360.52,141.42 360.27,136.81 
      359.75,132.26 358.98,127.82 357.95,123.47 356.67,119.23 355.13,115.10 353.38,111.12 351.38,107.27 349.18,103.58 346.76,100.07 344.15,96.70 
      341.36,93.52 338.39,90.51 335.27,87.70 331.99,85.08 328.59,82.69 325.07,80.49 321.45,78.49 317.71,76.73 313.93,75.19 310.07,73.85 
      306.18,72.78 302.24,71.90 298.29,71.26 294.33,70.86 290.40,70.69 286.51,70.73 282.66,71.02 278.86,71.55 275.15,72.27 271.52,73.22 
      268.01,74.40 264.62,75.79 261.37,77.37 258.27,79.17 255.31,81.17 252.54,83.34 249.97,85.70 247.60,88.24 245.42,90.95 243.46,93.80 
      241.75,96.84 240.26,99.98 239.03,103.27 238.06,106.66 237.36,110.17 236.92,113.80 236.76,117.49 236.87,121.27 237.29,125.12 237.99,129.03 
      238.98,132.96 240.26,136.94 241.84,140.94 243.71,144.94 245.88,148.96 248.34,152.93 251.09,156.89 254.12,160.80 257.42,164.69 261.02,168.49 
      264.89,172.23 269.02,175.87 273.39,179.43 278.03,182.91 282.91,186.25 288.03,189.48 293.34,192.55 298.88,195.52 304.64,198.31 310.55,200.95 
      316.66,203.43 322.92,205.74 329.34,207.87 335.88,209.82 342.56,211.58 349.35,213.16 356.21,214.53 363.15,215.71 370.16,216.68 377.22,217.45 
      384.31,218.00 391.41,218.35 398.51,218.48 405.58,218.41 412.64,218.15 419.62,217.67 426.57,216.99 433.40,216.09 440.17,215.01 446.83,213.73 
      453.35,212.26 459.73,210.61 465.97,208.79 472.03,206.79 477.92,204.64 483.63,202.31 489.13,199.83 494.40,197.21 499.45,194.46 504.27,191.59 
      508.86,188.60 513.17,185.50 517.23,182.29 521.01,179.02 524.53,175.65 527.76,172.25 530.70,168.78 533.36,165.26 535.71,161.72 537.78,158.16 
      539.56,154.60 541.01,151.04 542.17,147.48 543.03,143.97 543.60,140.50 543.88,137.07 543.86,133.71 543.55,130.41 542.96,127.20 542.08,124.11 
      540.94,121.12 539.53,118.22 537.89,115.47 535.97,112.86 533.82,110.37 531.45,108.06 528.85,105.91 526.06,103.91 523.08,102.11 519.89,100.51 
      516.55,99.08 513.06,97.85 509.41,96.84 505.63,96.02 501.74,95.43 497.74,95.06 493.67,94.90 489.52,94.97 485.32,95.25 481.08,95.78 
      476.82,96.53 472.56,97.52 468.30,98.73 464.05,100.15 459.86,101.82 455.70,103.69 451.62,105.80 447.62,108.11 443.73,110.64 439.95,113.38 
      436.28,116.33 432.76,119.45 429.40,122.79 426.19,126.28 423.18,129.97 420.35,133.82 417.71,137.82 415.27,141.99 413.08,146.28 411.10,150.72 
      409.36,155.26 407.89,159.94 406.64,164.69 405.67,169.55 404.95,174.49 404.51,179.48 404.33,184.53 404.44,189.65 404.81,194.77 405.47,199.94 
      406.42,205.10 407.63,210.24 409.12,215.40 410.90,220.52 412.94,225.60 415.27,230.63 417.87,235.60 420.70,240.50 423.80,245.31 427.14,250.03 
      430.74,254.65 434.54,259.13 438.59,263.53 442.85,267.77 447.31,271.85 451.95,275.81 456.78,279.59 461.79,283.21 466.93,286.66 472.23,289.94 
      477.66,293.01 483.22,295.89 488.86,298.60 494.60,301.08 500.40,303.36 506.24,305.43 512.15,307.28 518.09,308.92 524.02,310.35 529.95,311.56 
      535.86,312.57 541.75,313.34 547.58,313.91 553.33,314.26 559.00,314.39 564.58,314.33 570.03,314.06 575.37,313.58 580.56,312.92 585.61,312.07 
      590.47,311.01 595.15,309.78 599.63,308.40 603.91,306.84 607.98,305.12 611.80,303.25 615.41,301.25 618.75,299.12 621.82,296.86 624.64,294.51 
      627.18,292.05 629.43,289.48 631.40,286.84 633.07,284.14 634.46,281.39 635.53,278.58 636.30,275.74 636.77,272.86 636.92,269.99 "/>
  </g>
</svg>
